input/newpatchfromoldpatch.asc
NCOLS 406 
NROWS 256 
XLLCORNER 301413.09 
YLLCORNER 5677998.2720308 
CELLSIZE 160 
NODATA_value -2 
[rows 147 to 195 of 256, columns 288 to 383 of 406]
872 872 883 893 893 893 893 893 903 912 912 912 912 912 912 922 931 931 931 931 931 942 950 950 950 950 950 0 970 970 970 970 970 982 993 993 993 993 993 993 1005 1015 1015 1015 1015 1015 1028 1040 1040 1040 1040 1040 1051 1062 1062 1062 1062 1062 1073 1085 1085 1085 1085 1085 1085 1097 1108 1108 1108 1108 1108 1121 1133 1133 1133 1133 1133 1144 1156 1156 1156 1156 1156 1167 1177 1177 1177 1177 1177 1177 1189 1200 1200 1200 1200 1200
872 872 872 893 893 893 893 893 893 912 912 912 912 912 912 931 931 931 931 931 931 950 950 950 950 950 950 950 970 970 970 970 970 970 993 993 993 993 993 993 1015 1015 1015 1015 1015 1015 1040 1040 1040 1040 1040 1040 1040 1062 1062 1062 1062 1062 1062 1085 1085 1085 1085 1085 1085 1108 1108 1108 1108 1108 1108 1133 1133 1133 1133 1133 1133 1133 1156 1156 1156 1156 1156 1156 1177 1177 1177 1177 1177 1177 1200 1200 1200 1200 1200 1200
872 872 872 893 893 893 893 893 893 912 912 912 912 912 912 931 931 931 931 931 931 950 950 950 950 950 950 950 970 970 970 970 970 970 993 993 993 993 993 993 1015 1015 1015 1015 1015 1015 1040 1040 1040 1040 1040 1040 1040 1062 1062 1062 1062 1062 1062 1085 1085 1085 1085 1085 1085 1108 1108 1108 1108 1108 1108 1133 1133 1133 1133 1133 1133 1133 1156 1156 1156 1156 1156 1156 1177 1177 1177 1177 1177 1177 1200 1200 1200 1200 1200 1200
872 872 872 893 893 893 893 893 893 912 912 912 912 912 912 931 931 931 931 931 931 950 950 950 950 950 950 950 970 970 970 970 970 970 993 993 993 993 993 993 1015 1015 1015 1015 1015 1015 1040 1040 1040 1040 1040 1040 1040 1062 1062 1062 1062 1062 1062 1085 1085 1085 1085 1085 1085 1108 1108 1108 1108 1108 1108 1133 1133 1133 1133 1133 1133 1133 1156 1156 1156 1156 1156 1156 1177 1177 1177 1177 1177 1177 1200 1200 1200 1200 1200 1200
872 872 882 893 893 893 893 893 893 912 912 912 912 912 912 931 931 931 931 931 931 941 950 950 950 950 950 960 970 970 970 970 970 970 993 993 993 993 993 993 1015 1015 1015 1015 1015 1015 1027 1040 1040 1040 1040 1040 1050 1062 1062 1062 1062 1062 1062 1085 1085 1085 1085 1085 1085 1108 1108 1108 1108 1108 1108 1120 1133 1133 1133 1133 1133 1143 1156 1156 1156 1156 1156 1156 1177 1177 1177 1177 1177 1177 1200 1200 1200 1200 1200 1200
872 882 882 882 882 893 893 902 902 902 902 912 912 921 921 921 921 931 931 941 941 941 941 950 950 950 960 960 960 960 970 970 981 981 981 981 993 993 1004 1004 1004 1004 1015 1015 1027 1027 1027 1027 1040 1040 1040 1050 1050 1050 1050 1062 1062 1072 1072 1072 1072 1085 1085 1096 1096 1096 1096 1108 1108 1120 1120 1120 1120 1133 1133 1133 1143 1143 1143 1143 1156 1156 1166 1166 1166 1166 1177 1177 1188 1188 1188 1188 1200 1200 1211 1211
882 882 882 882 882 882 902 902 902 902 902 902 921 921 921 921 921 921 941 941 941 941 941 941 941 960 960 960 960 960 960 981 981 981 981 981 981 1004 1004 1004 1004 1004 1004 1027 1027 1027 1027 1027 1027 1027 1050 1050 1050 1050 1050 1050 1072 1072 1072 1072 1072 1072 1096 1096 1096 1096 1096 1096 1120 1120 1120 1120 1120 1120 1120 1143 1143 1143 1143 1143 1143 1166 1166 1166 1166 1166 1166 1188 1188 1188 1188 1188 1188 1211 1211 1211
882 882 882 882 882 882 902 902 902 902 902 902 921 921 921 921 921 921 941 941 941 941 941 941 941 960 960 960 960 960 960 981 981 981 981 981 981 1004 1004 1004 1004 1004 1004 1027 1027 1027 1027 1027 1027 1027 1050 1050 1050 1050 1050 1050 1072 1072 1072 1072 1072 1072 1096 1096 1096 1096 1096 1096 1120 1120 1120 1120 1120 1120 1120 1143 1143 1143 1143 1143 1143 1166 1166 1166 1166 1166 1166 1188 1188 1188 1188 1188 1188 1211 1211 1211
882 882 882 882 882 882 902 902 902 902 902 902 921 921 921 921 921 921 941 941 941 941 941 941 941 960 960 960 960 960 960 981 981 981 981 981 981 1004 1004 1004 1004 1004 1004 1027 1027 1027 1027 1027 1027 1027 1050 1050 1050 1050 1050 1050 1072 1072 1072 1072 1072 1072 1096 1096 1096 1096 1096 1096 1120 1120 1120 1120 1120 1120 1120 1143 1143 1143 1143 1143 1143 1166 1166 1166 1166 1166 1166 1188 1188 1188 1188 1188 1188 1211 1211 1211
882 882 882 882 882 882 902 902 902 902 902 902 921 921 921 921 921 921 941 941 941 941 941 941 941 960 960 960 960 960 960 981 981 981 981 981 981 1004 1004 1004 1004 1004 1004 1027 1027 1027 1027 1027 1027 1027 1050 1050 1050 1050 1050 1050 1072 1072 1072 1072 1072 1072 1096 1096 1096 1096 1096 1096 1120 1120 1120 1120 1120 1120 1120 1143 1143 1143 1143 1143 1143 1166 1166 1166 1166 1166 1166 1188 1188 1188 1188 1188 1188 1211 1211 1211
871 882 882 882 892 892 892 902 902 902 902 911 911 921 921 921 921 930 930 930 941 941 941 949 949 949 960 960 960 969 969 969 981 981 981 981 992 992 1004 1004 1004 1004 1014 1014 1014 1027 1027 1027 1039 1039 1039 1050 1050 1050 1061 1061 1061 1072 1072 1072 1072 1084 1084 1096 1096 1096 1096 1107 1107 1107 1120 1120 1120 1132 1132 1132 1143 1143 1143 1155 1155 1155 1166 1166 1166 1166 1176 1176 1188 1188 1188 1188 1199 1199 1199 1211
871 871 871 892 892 892 892 892 892 911 911 911 911 911 911 930 930 930 930 930 930 949 949 949 949 949 949 949 969 969 969 969 969 969 992 992 992 992 992 992 1014 1014 1014 1014 1014 1014 1039 1039 1039 1039 1039 1039 1039 1061 1061 1061 1061 1061 1061 1084 1084 1084 1084 1084 1084 1107 1107 1107 1107 1107 1107 1132 1132 1132 1132 1132 1132 1132 1155 1155 1155 1155 1155 1155 1176 1176 1176 1176 1176 1176 1199 1199 1199 1199 1199 1199
871 871 871 892 892 892 892 892 892 911 911 911 911 911 911 930 930 930 930 930 930 949 949 949 949 949 949 949 969 969 969 969 969 969 992 992 992 992 992 992 1014 1014 1014 1014 1014 1014 1039 1039 1039 1039 1039 1039 1039 1061 1061 1061 1061 1061 1061 1084 1084 1084 1084 1084 1084 1107 1107 1107 1107 1107 1107 1132 1132 1132 1132 1132 1132 1132 1155 1155 1155 1155 1155 1155 1176 1176 1176 1176 1176 1176 1199 1199 1199 1199 1199 1199
871 871 871 892 892 892 892 892 892 911 911 911 911 911 911 930 930 930 930 930 930 949 949 949 949 949 949 949 969 969 969 969 969 969 992 992 992 992 992 992 1014 1014 1014 1014 1014 1014 1039 1039 1039 1039 1039 1039 1039 1061 1061 1061 1061 1061 1061 1084 1084 1084 1084 1084 1084 1107 1107 1107 1107 1107 1107 1132 1132 1132 1132 1132 1132 1132 1155 1155 1155 1155 1155 1155 1176 1176 1176 1176 1176 1176 1199 1199 1199 1199 1199 1199
871 871 871 892 892 892 892 892 892 911 911 911 911 911 911 930 930 930 930 930 930 949 949 949 949 949 949 949 969 969 969 969 969 969 992 992 992 992 992 992 1014 1014 1014 1014 1014 1014 1039 1039 1039 1039 1039 1039 1039 1061 1061 1061 1061 1061 1061 1084 1084 1084 1084 1084 1084 1107 1107 1107 1107 1107 1107 1132 1132 1132 1132 1132 1132 1132 1155 1155 1155 1155 1155 1155 1176 1176 1176 1176 1176 1176 1199 1199 1199 1199 1199 1199
871 871 881 892 892 892 892 892 901 911 911 911 911 911 911 920 930 930 930 930 930 940 949 949 949 949 949 959 969 969 969 969 969 980 992 992 992 992 992 992 1003 1014 1014 1014 1014 1014 1026 1039 1039 1039 1039 1039 1049 1061 1061 1061 1061 1061 1071 1084 1084 1084 1084 1084 1084 1095 1107 1107 1107 1107 1107 1119 1132 1132 1132 1132 1132 0 1155 1155 1155 1155 1155 0 1176 1176 1176 1176 1176 1176 1187 1199 1199 1199 1199 1199
881 881 881 881 881 892 892 901 901 901 901 911 911 920 920 920 920 930 930 940 940 940 940 940 949 959 959 959 959 959 969 969 980 980 980 980 992 992 1003 1003 1003 1003 1014 1014 1026 1026 1026 1026 1026 1039 1049 1049 1049 1049 1049 1061 1061 1071 1071 1071 1071 1084 1084 1095 1095 1095 1095 1107 1107 1119 1119 1119 1119 1119 1132 0 0 0 0 0 1155 1155 0 0 0 0 1176 1176 1187 1187 1187 1187 1199 1199 1210 1210
881 881 881 881 881 881 901 901 901 901 901 901 920 920 920 920 920 920 940 940 940 940 940 940 940 959 959 959 959 959 959 980 980 980 980 980 980 1003 1003 1003 1003 1003 1003 1026 1026 1026 1026 1026 1026 1026 1049 1049 1049 1049 1049 1049 1071 1071 1071 1071 1071 1071 1095 1095 1095 1095 1095 1095 1119 1119 1119 1119 1119 1119 1119 0 0 0 0 0 0 0 0 0 0 0 0 1187 1187 1187 1187 1187 1187 1210 1210 1210
881 881 881 881 881 881 901 901 901 901 901 901 920 920 920 920 920 920 940 940 940 940 940 940 940 959 959 959 959 959 959 980 980 980 980 980 980 1003 1003 1003 1003 1003 1003 1026 1026 1026 1026 1026 1026 1026 1049 1049 1049 1049 1049 1049 1071 1071 1071 1071 1071 1071 1095 1095 1095 1095 1095 1095 1119 1119 1119 1119 1119 1119 1119 0 0 0 0 0 0 0 0 0 0 0 0 1187 1187 1187 1187 1187 1187 1210 1210 1210
881 881 881 881 881 881 901 901 901 901 901 901 920 920 920 920 920 920 940 940 940 940 940 940 940 959 959 959 959 959 959 980 980 980 980 980 980 1003 1003 1003 1003 1003 1003 1026 1026 1026 1026 1026 1026 1026 1049 1049 1049 1049 1049 1049 1071 1071 1071 1071 1071 1071 1095 1095 1095 1095 1095 1095 1119 1119 1119 1119 1119 1119 1119 0 0 0 0 0 0 0 0 0 0 0 0 1187 1187 1187 1187 1187 1187 1210 1210 1210
881 881 881 881 881 881 901 901 901 901 901 901 920 920 920 920 920 920 940 940 940 940 940 940 940 959 959 959 959 959 959 980 980 980 980 980 980 1003 1003 1003 1003 1003 1003 1026 1026 1026 1026 1026 1026 1026 1049 1049 1049 1049 1049 1049 1071 1071 1071 1071 1071 1071 1095 1095 1095 1095 1095 1095 1119 1119 1119 1119 1119 1119 1119 0 0 0 0 0 0 0 0 0 0 0 0 1187 1187 1187 1187 1187 1187 1210 1210 1210
870 881 881 881 891 891 891 901 901 901 910 910 910 910 920 920 920 929 929 929 940 940 940 948 948 948 959 959 959 968 968 968 980 980 980 991 991 991 991 1003 1003 1003 1013 1013 1013 1026 1026 1026 1038 1038 1038 1049 1049 1049 1060 1060 1060 1071 1071 1071 1083 1083 1083 1083 1095 1095 1095 1106 1106 1106 1119 1119 1119 1131 1131 1131 0 0 0 1154 1154 1154 0 0 0 1175 1175 1175 1175 1187 1187 1187 1198 1198 1198 1210
870 870 870 891 891 891 891 891 891 910 910 910 910 910 910 929 929 929 929 929 929 948 948 948 948 948 948 948 968 968 968 968 968 968 991 991 991 991 991 991 1013 1013 1013 1013 1013 1013 1038 1038 1038 1038 1038 1038 1038 1060 1060 1060 1060 1060 1060 1083 1083 1083 1083 1083 1083 1106 1106 1106 1106 1106 1106 1131 1131 1131 1131 1131 1131 1131 1154 1154 1154 1154 1154 1154 1175 1175 1175 1175 1175 1175 1198 1198 1198 1198 1198 1198
870 870 870 891 891 891 891 891 891 910 910 910 910 910 910 929 929 929 929 929 929 948 948 948 948 948 948 948 968 968 968 968 968 968 991 991 991 991 991 991 1013 1013 1013 1013 1013 1013 1038 1038 1038 1038 1038 1038 1038 1060 1060 1060 1060 1060 1060 1083 1083 1083 1083 1083 1083 1106 1106 1106 1106 1106 1106 1131 1131 1131 1131 1131 1131 1131 1154 1154 1154 1154 1154 1154 1175 1175 1175 1175 1175 1175 1198 1198 1198 1198 1198 1198
870 870 870 891 891 891 891 891 891 910 910 910 910 910 910 929 929 929 929 929 929 948 948 948 948 948 948 948 968 968 968 968 968 968 991 991 991 991 991 991 1013 1013 1013 1013 1013 1013 1038 1038 1038 1038 1038 1038 1038 1060 1060 1060 1060 1060 1060 1083 1083 1083 1083 1083 1083 1106 1106 1106 1106 1106 1106 1131 1131 1131 1131 1131 1131 1131 1154 1154 1154 1154 1154 1154 1175 1175 1175 1175 1175 1175 1198 1198 1198 1198 1198 1198
870 870 870 891 891 891 891 891 891 910 910 910 910 910 910 929 929 929 929 929 929 948 948 948 948 948 948 948 968 968 968 968 968 968 991 991 991 991 991 991 1013 1013 1013 1013 1013 1013 1038 1038 1038 1038 1038 1038 1038 1060 1060 1060 1060 1060 1060 1083 1083 1083 1083 1083 1083 1106 1106 1106 1106 1106 1106 1131 1131 1131 1131 1131 1131 1131 1154 1154 1154 1154 1154 1154 1175 1175 1175 1175 1175 1175 1198 1198 1198 1198 1198 1198
870 870 880 891 891 891 891 891 900 900 910 910 910 910 919 919 929 929 929 929 929 939 948 948 948 948 948 958 968 968 968 968 968 979 979 991 991 991 991 1002 1002 1013 1013 1013 1013 1013 1025 1038 1038 1038 1038 1038 1048 1060 1060 1060 1060 1060 1070 1070 1083 1083 1083 1083 1094 1094 1106 1106 1106 1106 1106 1118 1131 1131 1131 1131 1131 1142 1154 1154 1154 1154 1154 1165 1165 1175 1175 1175 1175 1186 1186 1198 1198 1198 1198 1198
880 880 880 880 880 891 900 900 900 900 900 910 910 919 919 919 919 919 929 939 939 939 939 939 948 958 958 958 958 958 968 979 979 979 979 979 991 991 1002 1002 1002 1002 1002 1013 1025 1025 1025 1025 1025 1038 1048 1048 1048 1048 1048 1060 1070 1070 1070 1070 1070 1083 1083 1094 1094 1094 1094 1094 1106 1118 1118 1118 1118 1118 1131 1142 1142 1142 1142 1142 1154 1165 1165 1165 1165 1165 1175 1175 1186 1186 1186 1186 1186 1198 1209 1209
880 880 880 880 880 880 900 900 900 900 900 900 919 919 919 919 919 919 939 939 939 939 939 939 939 958 958 958 958 958 958 979 979 979 979 979 979 1002 1002 1002 1002 1002 1002 1025 1025 1025 1025 1025 1025 1025 1048 1048 1048 1048 1048 1048 1070 1070 1070 1070 1070 1070 1094 1094 1094 1094 1094 1094 1118 1118 1118 1118 1118 1118 1118 1142 1142 1142 1142 1142 1142 1165 1165 1165 1165 1165 1165 1186 1186 1186 1186 1186 1186 1209 1209 1209
880 880 880 880 880 880 900 900 900 900 900 900 919 919 919 919 919 919 939 939 939 939 939 939 939 958 958 958 958 958 958 979 979 979 979 979 979 1002 1002 1002 1002 1002 1002 1025 1025 1025 1025 1025 1025 1025 1048 1048 1048 1048 1048 1048 1070 1070 1070 1070 1070 1070 1094 1094 1094 1094 1094 1094 1118 1118 1118 1118 1118 1118 1118 1142 1142 1142 1142 1142 1142 1165 1165 1165 1165 1165 1165 1186 1186 1186 1186 1186 1186 1209 1209 1209
880 880 880 880 880 880 900 900 900 900 900 900 919 919 919 919 919 919 939 939 939 939 939 939 939 958 958 958 958 958 958 979 979 979 979 979 979 1002 1002 1002 1002 1002 1002 1025 1025 1025 1025 1025 1025 1025 1048 1048 1048 1048 1048 1048 1070 1070 1070 1070 1070 1070 1094 1094 1094 1094 1094 1094 1118 1118 1118 1118 1118 1118 1118 1142 1142 1142 1142 1142 1142 1165 1165 1165 1165 1165 1165 1186 1186 1186 1186 1186 1186 1209 1209 1209
880 880 880 880 880 880 900 900 900 900 900 900 919 919 919 919 919 919 939 939 939 939 939 939 947 958 958 958 958 958 958 979 979 979 979 979 979 1002 1002 1002 1002 1002 1002 1025 1025 1025 1025 1025 1025 1037 1048 1048 1048 1048 1048 1048 1070 1070 1070 1070 1070 1070 1094 1094 1094 1094 1094 1094 1118 1118 1118 1118 1118 1118 1130 1142 1142 1142 1142 1142 1142 1165 1165 1165 1165 1165 1165 1186 1186 1186 1186 1186 1186 1209 1209 1209
869 880 880 880 890 890 890 890 900 900 909 909 909 909 919 919 928 928 928 928 939 939 939 947 947 947 958 958 958 967 967 967 967 979 979 990 990 990 990 1002 1002 1012 1012 1012 1012 1025 1025 1025 1037 1037 1037 1048 1048 1048 1059 1059 1059 1059 1070 1070 1082 1082 1082 1082 1094 1094 0 0 0 0 1118 1118 1118 1130 1130 1130 1142 1142 1142 1153 1153 1153 1153 1165 1165 1174 1174 1174 1174 1186 1186 1197 1197 1197 1197 1209
869 869 869 890 890 890 890 890 890 909 909 909 909 909 909 928 928 928 928 928 928 947 947 947 947 947 947 947 967 967 967 967 967 967 990 990 990 990 990 990 1012 1012 1012 1012 1012 1012 1037 1037 1037 1037 1037 1037 1037 1059 1059 1059 1059 1059 1059 1082 1082 1082 1082 1082 1082 0 0 0 0 0 0 1130 1130 1130 1130 1130 1130 1130 1153 1153 1153 1153 1153 1153 1174 1174 1174 1174 1174 1174 1197 1197 1197 1197 1197 1197
869 869 869 890 890 890 890 890 890 909 909 909 909 909 909 928 928 928 928 928 928 947 947 947 947 947 947 947 967 967 967 967 967 967 990 990 990 990 990 990 1012 1012 1012 1012 1012 1012 1037 1037 1037 1037 1037 1037 1037 1059 1059 1059 1059 1059 1059 1082 1082 1082 1082 1082 1082 0 0 0 0 0 0 1130 1130 1130 1130 1130 1130 1130 1153 1153 1153 1153 1153 1153 1174 1174 1174 1174 1174 1174 1197 1197 1197 1197 1197 1197
869 869 869 890 890 890 890 890 890 909 909 909 909 909 909 928 928 928 928 928 928 947 947 947 947 947 947 947 967 967 967 967 967 967 990 990 990 990 990 990 1012 1012 1012 1012 1012 1012 1037 1037 1037 1037 1037 1037 1037 1059 1059 1059 1059 1059 1059 1082 1082 1082 1082 1082 1082 0 0 0 0 0 0 1130 1130 1130 1130 1130 1130 1130 1153 1153 1153 1153 1153 1153 1174 1174 1174 1174 1174 1174 1197 1197 1197 1197 1197 1197
869 869 869 890 890 890 890 890 890 909 909 909 909 909 909 928 928 928 928 928 928 947 947 947 947 947 947 947 967 967 967 967 967 967 990 990 990 990 990 990 1012 1012 1012 1012 1012 1012 1037 1037 1037 1037 1037 1037 1037 1059 1059 1059 1059 1059 1059 1082 1082 1082 1082 1082 1082 0 0 0 0 0 0 1130 1130 1130 1130 1130 1130 1130 1153 1153 1153 1153 1153 1153 1174 1174 1174 1174 1174 1174 1197 1197 1197 1197 1197 1197
869 879 879 879 890 890 890 890 899 899 909 909 909 909 918 918 928 928 928 928 938 938 938 947 947 947 957 957 957 967 967 967 967 978 978 990 990 990 990 1001 1001 1012 1012 1012 1012 1024 1024 1024 1037 1037 1037 1047 1047 1047 1059 1059 1059 1059 1069 1069 1082 1082 1082 1082 0 0 0 0 0 0 1117 1117 1117 1130 1130 1130 1141 1141 1141 1153 1153 1153 1153 1164 1164 1174 1174 1174 1174 1185 1185 1197 1197 1197 1197 1208
879 879 879 879 879 879 899 899 899 899 899 899 918 918 918 918 918 918 938 938 938 938 938 938 947 957 957 957 957 957 957 978 978 978 978 978 978 1001 1001 1001 1001 1001 1001 1024 1024 1024 1024 1024 1024 1037 1047 1047 1047 1047 1047 1047 1069 1069 1069 1069 1069 1069 0 0 0 0 0 0 1117 1117 1117 1117 1117 1117 1130 1141 1141 1141 1141 1141 1141 1164 1164 1164 1164 1164 1164 1185 1185 1185 1185 1185 1185 1208 1208 1208
879 879 879 879 879 879 899 899 899 899 899 899 918 918 918 918 918 918 938 938 938 938 938 938 938 957 957 957 957 957 957 978 978 978 978 978 978 1001 1001 1001 1001 1001 1001 1024 1024 1024 1024 1024 1024 1024 1047 1047 1047 1047 1047 1047 1069 1069 1069 1069 1069 1069 0 0 0 0 0 0 1117 1117 1117 1117 1117 1117 1117 1141 1141 1141 1141 1141 1141 1164 1164 1164 1164 1164 1164 1185 1185 1185 1185 1185 1185 1208 1208 1208
879 879 879 879 879 879 899 899 899 899 899 899 918 918 918 918 918 918 938 938 938 938 938 938 938 957 957 957 957 957 957 978 978 978 978 978 978 1001 1001 1001 1001 1001 1001 1024 1024 1024 1024 1024 1024 1024 1047 1047 1047 1047 1047 1047 1069 1069 1069 1069 1069 1069 0 0 0 0 0 0 1117 1117 1117 1117 1117 1117 1117 1141 1141 1141 1141 1141 1141 1164 1164 1164 1164 1164 1164 1185 1185 1185 1185 1185 1185 1208 1208 1208
879 879 879 879 879 879 899 899 899 899 899 899 918 918 918 918 918 918 938 938 938 938 938 938 938 957 957 957 957 957 957 978 978 978 978 978 978 1001 1001 1001 1001 1001 1001 1024 1024 1024 1024 1024 1024 1024 1047 1047 1047 1047 1047 1047 1069 1069 1069 1069 1069 1069 0 0 0 0 0 0 1117 1117 1117 1117 1117 1117 1117 1141 1141 1141 1141 1141 1141 1164 1164 1164 1164 1164 1164 1185 1185 1185 1185 1185 1185 1208 1208 1208
879 879 879 879 879 889 899 899 899 899 899 899 918 918 918 918 918 918 927 938 938 938 938 938 946 957 957 957 957 957 966 978 978 978 978 978 978 1001 1001 1001 1001 1001 1001 1011 1024 1024 1024 1024 1024 1036 1047 1047 1047 1047 1047 1058 1069 1069 1069 1069 1069 1069 0 0 0 0 0 0 1105 1117 1117 1117 1117 1117 1129 1141 1141 1141 1141 1141 1152 1164 1164 1164 1164 1164 1164 1185 1185 1185 1185 1185 1185 1196 1208 1208
868 868 879 879 889 889 889 889 899 899 908 908 908 908 918 918 927 927 927 927 938 938 946 946 946 946 946 957 957 966 966 966 966 978 978 989 989 989 989 1001 1001 1011 1011 1011 1011 1024 1024 1036 1036 1036 1036 1036 1047 1047 1058 1058 1058 1058 1069 1069 1081 1081 1081 1081 0 0 1105 1105 1105 1105 1117 1117 1129 1129 1129 1129 1129 1141 1141 1152 1152 1152 1152 1164 1164 0 0 0 0 1185 1185 1196 1196 1196 1196 1208
868 868 868 889 889 889 889 889 889 908 908 908 908 908 908 927 927 927 927 927 927 946 946 946 946 946 946 946 966 966 966 966 966 966 989 989 989 989 989 989 1011 1011 1011 1011 1011 1011 1036 1036 1036 1036 1036 1036 1036 1058 1058 1058 1058 1058 1058 1081 1081 1081 1081 1081 1081 1105 1105 1105 1105 1105 1105 1129 1129 1129 1129 1129 1129 1129 1152 1152 1152 1152 1152 1152 0 0 0 0 0 0 1196 1196 1196 1196 1196 1196
868 868 868 889 889 889 889 889 889 908 908 908 908 908 908 927 927 927 927 927 927 946 946 946 946 946 946 946 966 966 966 966 966 966 989 989 989 989 989 989 1011 1011 1011 1011 1011 1011 1036 1036 1036 1036 1036 1036 1036 1058 1058 1058 1058 1058 1058 1081 1081 1081 1081 1081 1081 1105 1105 1105 1105 1105 1105 1129 1129 1129 1129 1129 1129 1129 1152 1152 1152 1152 1152 1152 0 0 0 0 0 0 1196 1196 1196 1196 1196 1196
868 868 868 889 889 889 889 889 889 908 908 908 908 908 908 927 927 927 927 927 927 946 946 946 946 946 946 946 966 966 966 966 966 966 989 989 989 989 989 989 1011 1011 1011 1011 1011 1011 1036 1036 1036 1036 1036 1036 1036 1058 1058 1058 1058 1058 1058 1081 1081 1081 1081 1081 1081 1105 1105 1105 1105 1105 1105 1129 1129 1129 1129 1129 1129 1129 1152 1152 1152 1152 1152 1152 0 0 0 0 0 0 1196 1196 1196 1196 1196 1196
868 868 868 889 889 889 889 889 889 908 908 908 908 908 908 927 927 927 927 927 927 946 946 946 946 946 946 946 966 966 966 966 966 966 989 989 989 989 989 989 1011 1011 1011 1011 1011 1011 1036 1036 1036 1036 1036 1036 1036 1058 1058 1058 1058 1058 1058 1081 1081 1081 1081 1081 1081 1105 1105 1105 1105 1105 1105 1129 1129 1129 1129 1129 1129 1129 1152 1152 1152 1152 1152 1152 0 0 0 0 0 0 1196 1196 1196 1196 1196 1196
868 878 878 878 889 889 889 898 898 898 908 908 908 908 917 917 917 927 927 927 937 937 937 946 946 946 956 956 956 966 966 966 977 977 977 989 989 989 989 1000 1000 1000 1011 1011 1011 1023 1023 1023 1036 1036 1036 1046 1046 1046 1058 1058 1058 1068 1068 1068 1081 1081 1081 1081 1093 1093 1093 1105 1105 1105 1116 1116 1116 1129 1129 1129 1140 1140 1140 1152 1152 1152 1163 1163 1163 0 0 0 0 1184 1184 1184 1196 1196 1196 1207
