input/newpatchfromoldpatch.asc
NCOLS 406 
NROWS 256 
XLLCORNER 301413.09 
YLLCORNER 5677998.2720308 
CELLSIZE 160 
NODATA_value -2 
[rows 49 to 97 of 256, columns 96 to 191 of 406]
0 0 207 207 207 207 217 217 217 226 226 226 237 237 237 247 247 247 257 257 257 266 266 266 276 276 276 285 285 285 285 295 295 295 303 303 303 311 311 311 321 321 321 333 333 333 343 343 343 355 355 355 366 366 366 366 380 380 380 393 393 393 405 405 405 419 419 419 0 0 0 443 443 443 0 0 0 0 0 0 0 0 0 0 0 0 0 0 0 0 0 0 0 0 0 0
0 207 207 207 207 207 207 226 226 226 226 226 226 247 247 247 247 247 247 247 266 266 266 266 266 266 285 285 285 285 285 285 303 303 303 303 303 303 321 321 321 321 321 321 321 343 343 343 343 343 343 366 366 366 366 366 366 393 393 393 393 393 393 419 419 419 419 419 419 419 443 443 443 443 443 443 0 0 0 0 0 0 0 0 0 0 0 0 0 0 0 0 0 0 0 0
0 207 207 207 207 207 207 226 226 226 226 226 226 247 247 247 247 247 247 247 266 266 266 266 266 266 285 285 285 285 285 285 303 303 303 303 303 303 321 321 321 321 321 321 321 343 343 343 343 343 343 366 366 366 366 366 366 393 393 393 393 393 393 419 419 419 419 419 419 419 443 443 443 443 443 443 0 0 0 0 0 0 0 0 0 0 0 0 0 0 0 0 0 0 0 0
0 207 207 207 207 207 207 226 226 226 226 226 226 247 247 247 247 247 247 247 266 266 266 266 266 266 285 285 285 285 285 285 303 303 303 303 303 303 321 321 321 321 321 321 321 343 343 343 343 343 343 366 366 366 366 366 366 393 393 393 393 393 393 419 419 419 419 419 419 419 443 443 443 443 443 443 0 0 0 0 0 0 0 0 0 0 0 0 0 0 0 0 0 0 0 0
0 207 207 207 207 207 207 226 226 226 226 226 226 247 247 247 247 247 247 247 266 266 266 266 266 266 285 285 285 285 285 285 303 303 303 303 303 303 321 321 321 321 321 321 321 343 343 343 343 343 343 366 366 366 366 366 366 393 393 393 393 393 393 419 419 419 419 419 419 419 443 443 443 443 443 443 0 0 0 0 0 0 0 0 0 0 0 0 0 0 0 0 0 0 0 0
197 197 207 207 207 207 216 216 226 226 226 226 236 236 247 247 247 247 247 256 256 266 266 266 266 275 275 285 285 285 285 294 294 303 303 303 303 310 310 321 321 321 321 321 332 332 343 343 343 343 354 354 366 366 366 366 379 379 393 393 393 393 404 404 419 419 419 419 419 432 432 443 443 443 443 454 454 0 0 0 0 0 0 0 0 0 0 0 0 0 0 0 0 0 0 0
197 197 197 197 216 216 216 216 216 216 226 236 236 236 236 236 247 256 256 256 256 256 266 275 275 275 275 275 275 294 294 294 294 294 294 303 310 310 310 310 310 321 332 332 332 332 332 343 354 354 354 354 354 354 379 379 379 379 379 379 393 404 404 404 404 404 419 432 432 432 432 432 443 454 454 454 454 454 454 0 0 0 0 0 0 0 0 0 0 0 0 0 0 0 0 0
197 197 197 197 216 216 216 216 216 216 236 236 236 236 236 236 236 256 256 256 256 256 256 275 275 275 275 275 275 294 294 294 294 294 294 310 310 310 310 310 310 310 332 332 332 332 332 332 354 354 354 354 354 354 379 379 379 379 379 379 404 404 404 404 404 404 404 432 432 432 432 432 432 454 454 454 454 454 454 0 0 0 0 0 0 0 0 0 0 0 0 0 0 0 0 0
197 197 197 197 216 216 216 216 216 216 236 236 236 236 236 236 236 256 256 256 256 256 256 275 275 275 275 275 275 294 294 294 294 294 294 310 310 310 310 310 310 310 332 332 332 332 332 332 354 354 354 354 354 354 379 379 379 379 379 379 404 404 404 404 404 404 404 432 432 432 432 432 432 454 454 454 454 454 454 0 0 0 0 0 0 0 0 0 0 0 0 0 0 0 0 0
197 197 197 197 216 216 216 216 216 216 236 236 236 236 236 236 236 256 256 256 256 256 256 275 275 275 275 275 275 294 294 294 294 294 294 310 310 310 310 310 310 310 332 332 332 332 332 332 354 354 354 354 354 354 379 379 379 379 379 379 404 404 404 404 404 404 404 432 432 432 432 432 432 454 454 454 454 454 454 0 0 0 0 0 0 0 0 0 0 0 0 0 0 0 0 0
197 197 197 197 216 216 216 216 216 216 225 236 236 236 236 236 246 256 256 256 256 256 265 275 275 275 275 275 275 294 294 294 294 294 294 302 310 310 310 310 310 320 332 332 332 332 332 342 354 354 354 354 354 354 379 379 379 379 379 379 392 404 404 404 404 404 418 432 432 432 432 432 0 454 454 454 454 454 454 0 0 0 0 0 0 0 0 0 0 0 0 0 0 0 0 0
197 197 206 206 206 206 216 216 225 225 225 225 236 236 246 246 246 246 246 256 256 265 265 265 265 275 275 284 284 284 284 294 294 302 302 302 302 310 310 320 320 320 320 320 332 332 342 342 342 342 354 354 365 365 365 365 379 379 392 392 392 392 404 404 418 418 418 418 418 432 432 0 0 0 0 454 454 0 0 0 0 0 0 0 0 0 0 0 0 0 0 0 0 0 0 0
190 206 206 206 206 206 206 225 225 225 225 225 225 246 246 246 246 246 246 246 265 265 265 265 265 265 284 284 284 284 284 284 302 302 302 302 302 302 320 320 320 320 320 320 320 342 342 342 342 342 342 365 365 365 365 365 365 392 392 392 392 392 392 418 418 418 418 418 418 418 0 0 0 0 0 0 0 0 0 0 0 0 0 0 0 0 0 0 0 0 0 0 0 0 0 0
190 206 206 206 206 206 206 225 225 225 225 225 225 246 246 246 246 246 246 246 265 265 265 265 265 265 284 284 284 284 284 284 302 302 302 302 302 302 320 320 320 320 320 320 320 342 342 342 342 342 342 365 365 365 365 365 365 392 392 392 392 392 392 418 418 418 418 418 418 418 0 0 0 0 0 0 0 0 0 0 0 0 0 0 0 0 0 0 0 0 0 0 0 0 0 0
190 206 206 206 206 206 206 225 225 225 225 225 225 246 246 246 246 246 246 246 265 265 265 265 265 265 284 284 284 284 284 284 302 302 302 302 302 302 320 320 320 320 320 320 320 342 342 342 342 342 342 365 365 365 365 365 365 392 392 392 392 392 392 418 418 418 418 418 418 418 0 0 0 0 0 0 0 0 0 0 0 0 0 0 0 0 0 0 0 0 0 0 0 0 0 0
190 206 206 206 206 206 206 225 225 225 225 225 225 246 246 246 246 246 246 246 265 265 265 265 265 265 284 284 284 284 284 284 302 302 302 302 302 302 320 320 320 320 320 320 320 342 342 342 342 342 342 365 365 365 365 365 365 392 392 392 392 392 392 418 418 418 418 418 418 418 0 0 0 0 0 0 0 0 0 0 0 0 0 0 0 0 0 0 0 0 0 0 0 0 0 0
196 196 206 206 206 206 215 215 225 225 225 225 235 235 235 246 246 246 255 255 255 265 265 265 265 274 274 284 284 284 284 293 293 302 302 302 302 309 309 309 320 320 320 331 331 331 342 342 342 342 353 353 365 365 365 365 378 378 392 392 392 392 403 403 403 418 418 418 0 0 0 0 0 0 0 0 0 0 0 0 0 0 0 0 0 0 0 0 0 0 0 0 0 0 0 0
196 196 196 196 215 215 215 215 215 215 235 235 235 235 235 235 246 255 255 255 255 255 255 274 274 274 274 274 274 293 293 293 293 293 293 309 309 309 309 309 309 320 331 331 331 331 331 331 353 353 353 353 353 353 378 378 378 378 378 378 403 403 403 403 403 403 418 0 0 0 0 0 0 0 0 0 0 0 0 0 0 0 0 0 0 0 0 0 0 0 0 0 0 0 0 0
196 196 196 196 215 215 215 215 215 215 235 235 235 235 235 235 235 255 255 255 255 255 255 274 274 274 274 274 274 293 293 293 293 293 293 309 309 309 309 309 309 309 331 331 331 331 331 331 353 353 353 353 353 353 378 378 378 378 378 378 403 403 403 403 403 403 403 0 0 0 0 0 0 0 0 0 0 0 0 0 0 0 0 0 0 0 0 0 0 0 0 0 0 0 0 0
196 196 196 196 215 215 215 215 215 215 235 235 235 235 235 235 235 255 255 255 255 255 255 274 274 274 274 274 274 293 293 293 293 293 293 309 309 309 309 309 309 309 331 331 331 331 331 331 353 353 353 353 353 353 378 378 378 378 378 378 403 403 403 403 403 403 403 0 0 0 0 0 0 0 0 0 0 0 0 0 0 0 0 0 0 0 0 0 0 0 0 0 0 0 0 0
196 196 196 196 215 215 215 215 215 215 235 235 235 235 235 235 235 255 255 255 255 255 255 274 274 274 274 274 274 293 293 293 293 293 293 309 309 309 309 309 309 309 331 331 331 331 331 331 353 353 353 353 353 353 378 378 378 378 378 378 403 403 403 403 403 403 403 0 0 0 0 0 0 0 0 0 0 0 0 0 0 0 0 0 0 0 0 0 0 0 0 0 0 0 0 0
196 196 196 205 205 215 215 215 215 215 224 235 235 235 235 235 245 255 255 255 255 255 264 274 274 274 274 274 283 283 293 293 293 293 293 301 309 309 309 309 309 319 331 331 331 331 331 341 353 353 353 353 353 364 364 378 378 378 378 378 391 403 403 403 403 403 417 0 0 0 0 0 0 0 0 0 0 0 0 0 0 0 0 0 0 0 0 0 0 0 0 0 0 0 0 0
196 196 205 205 205 205 215 215 224 224 224 224 224 235 245 245 245 245 245 255 264 264 264 264 264 274 274 283 283 283 283 293 293 301 301 301 301 301 309 319 319 319 319 319 331 341 341 341 341 341 353 353 364 364 364 364 378 378 391 391 391 391 391 403 417 417 417 417 417 0 0 0 0 0 0 0 0 0 0 0 0 0 0 0 0 0 0 0 0 0 0 0 0 0 0 0
189 205 205 205 205 205 205 224 224 224 224 224 224 245 245 245 245 245 245 245 264 264 264 264 264 264 283 283 283 283 283 283 301 301 301 301 301 301 319 319 319 319 319 319 319 341 341 341 341 341 341 364 364 364 364 364 364 391 391 391 391 391 391 417 417 417 417 417 417 417 0 0 0 0 0 0 0 0 0 0 0 0 0 0 0 0 0 0 0 0 0 0 0 0 0 0
189 205 205 205 205 205 205 224 224 224 224 224 224 245 245 245 245 245 245 245 264 264 264 264 264 264 283 283 283 283 283 283 301 301 301 301 301 301 319 319 319 319 319 319 319 341 341 341 341 341 341 364 364 364 364 364 364 391 391 391 391 391 391 417 417 417 417 417 417 417 0 0 0 0 0 0 0 0 0 0 0 0 0 0 0 0 0 0 0 0 0 0 0 0 0 0
189 205 205 205 205 205 205 224 224 224 224 224 224 245 245 245 245 245 245 245 264 264 264 264 264 264 283 283 283 283 283 283 301 301 301 301 301 301 319 319 319 319 319 319 319 341 341 341 341 341 341 364 364 364 364 364 364 391 391 391 391 391 391 417 417 417 417 417 417 417 0 0 0 0 0 0 0 0 0 0 0 0 0 0 0 0 0 0 0 0 0 0 0 0 0 0
189 205 205 205 205 205 205 224 224 224 224 224 224 245 245 245 245 245 245 245 264 264 264 264 264 264 283 283 283 283 283 283 301 301 301 301 301 301 319 319 319 319 319 319 319 341 341 341 341 341 341 364 364 364 364 364 364 391 391 391 391 391 391 417 417 417 417 417 417 417 0 0 0 0 0 0 0 0 0 0 0 0 0 0 0 0 0 0 0 0 0 0 0 0 0 0
0 0 205 205 205 205 214 214 214 224 224 224 234 234 234 245 245 245 254 254 254 264 264 264 273 273 273 283 283 283 283 292 292 292 301 301 301 308 308 308 319 319 319 330 330 330 341 341 341 352 352 352 364 364 364 364 377 377 377 391 391 391 402 402 402 417 417 417 431 431 431 0 0 0 0 0 0 0 0 0 0 0 0 0 0 0 0 0 0 0 0 0 0 0 0 0
0 0 0 0 214 214 214 214 214 214 234 234 234 234 234 234 234 254 254 254 254 254 254 273 273 273 273 273 273 292 292 292 292 292 292 308 308 308 308 308 308 308 330 330 330 330 330 330 352 352 352 352 352 352 377 377 377 377 377 377 402 402 402 402 402 402 402 431 431 431 431 431 431 0 0 0 0 0 0 0 0 0 0 0 0 0 0 0 0 0 0 0 0 0 0 0
0 0 0 0 214 214 214 214 214 214 234 234 234 234 234 234 234 254 254 254 254 254 254 273 273 273 273 273 273 292 292 292 292 292 292 308 308 308 308 308 308 308 330 330 330 330 330 330 352 352 352 352 352 352 377 377 377 377 377 377 402 402 402 402 402 402 402 431 431 431 431 431 431 0 0 0 0 0 0 0 0 0 0 0 0 0 0 0 0 0 0 0 0 0 0 0
0 0 0 0 214 214 214 214 214 214 234 234 234 234 234 234 234 254 254 254 254 254 254 273 273 273 273 273 273 292 292 292 292 292 292 308 308 308 308 308 308 308 330 330 330 330 330 330 352 352 352 352 352 352 377 377 377 377 377 377 402 402 402 402 402 402 402 431 431 431 431 431 431 0 0 0 0 0 0 0 0 0 0 0 0 0 0 0 0 0 0 0 0 0 0 0
0 0 0 0 214 214 214 214 214 214 234 234 234 234 234 234 234 254 254 254 254 254 254 273 273 273 273 273 273 292 292 292 292 292 292 308 308 308 308 308 308 308 330 330 330 330 330 330 352 352 352 352 352 352 377 377 377 377 377 377 402 402 402 402 402 402 402 431 431 431 431 431 431 0 0 0 0 0 0 0 0 0 0 0 0 0 0 0 0 0 0 0 0 0 0 0
0 0 0 204 204 214 214 214 214 223 223 234 234 234 234 234 244 254 254 254 254 254 263 263 273 273 273 273 282 282 292 292 292 292 300 300 308 308 308 308 308 318 330 330 330 330 330 340 340 352 352 352 352 363 363 377 377 377 377 390 390 402 402 402 402 402 416 431 431 431 431 431 442 442 0 0 0 0 464 464 0 0 0 0 485 485 0 0 0 0 0 506 0 0 0 0
0 204 204 204 204 204 204 214 223 223 223 223 223 234 244 244 244 244 244 254 263 263 263 263 263 273 282 282 282 282 282 282 292 300 300 300 300 300 308 318 318 318 318 318 330 340 340 340 340 340 352 363 363 363 363 363 363 377 390 390 390 390 390 402 416 416 416 416 416 431 442 442 442 442 442 0 464 464 464 464 464 464 0 485 485 485 485 485 0 506 506 506 506 506 0 528
188 204 204 204 204 204 204 223 223 223 223 223 223 244 244 244 244 244 244 244 263 263 263 263 263 263 282 282 282 282 282 282 300 300 300 300 300 300 318 318 318 318 318 318 318 340 340 340 340 340 340 363 363 363 363 363 363 390 390 390 390 390 390 416 416 416 416 416 416 416 442 442 442 442 442 442 464 464 464 464 464 464 485 485 485 485 485 485 506 506 506 506 506 506 506 528
188 204 204 204 204 204 204 223 223 223 223 223 223 244 244 244 244 244 244 244 263 263 263 263 263 263 282 282 282 282 282 282 300 300 300 300 300 300 318 318 318 318 318 318 318 340 340 340 340 340 340 363 363 363 363 363 363 390 390 390 390 390 390 416 416 416 416 416 416 416 442 442 442 442 442 442 464 464 464 464 464 464 485 485 485 485 485 485 506 506 506 506 506 506 506 528
188 204 204 204 204 204 204 223 223 223 223 223 223 244 244 244 244 244 244 244 263 263 263 263 263 263 282 282 282 282 282 282 300 300 300 300 300 300 318 318 318 318 318 318 318 340 340 340 340 340 340 363 363 363 363 363 363 390 390 390 390 390 390 416 416 416 416 416 416 416 442 442 442 442 442 442 464 464 464 464 464 464 485 485 485 485 485 485 506 506 506 506 506 506 506 528
188 204 204 204 204 204 204 223 223 223 223 223 223 233 244 244 244 244 244 253 263 263 263 263 263 263 282 282 282 282 282 282 300 300 300 300 300 300 0 318 318 318 318 318 329 340 340 340 340 340 340 363 363 363 363 363 363 390 390 390 390 390 390 401 416 416 416 416 416 430 442 442 442 442 442 442 464 464 464 464 464 464 485 485 485 485 485 485 495 506 506 506 506 506 517 528
195 195 195 204 204 213 213 213 213 223 223 233 233 233 233 244 244 244 253 253 253 253 263 263 272 272 272 272 282 282 291 291 291 291 300 300 0 0 0 0 318 318 318 329 329 329 329 340 340 351 351 351 351 363 363 376 376 376 376 390 390 401 401 401 401 416 416 416 430 430 430 430 442 442 453 453 453 453 464 464 475 475 475 475 485 485 495 495 495 495 506 506 506 517 517 517
195 195 195 195 213 213 213 213 213 213 233 233 233 233 233 233 233 253 253 253 253 253 253 272 272 272 272 272 272 291 291 291 291 291 291 0 0 0 0 0 0 0 329 329 329 329 329 329 351 351 351 351 351 351 376 376 376 376 376 376 401 401 401 401 401 401 401 430 430 430 430 430 430 453 453 453 453 453 453 475 475 475 475 475 475 495 495 495 495 495 495 495 517 517 517 517
195 195 195 195 213 213 213 213 213 213 233 233 233 233 233 233 233 253 253 253 253 253 253 272 272 272 272 272 272 291 291 291 291 291 291 0 0 0 0 0 0 0 329 329 329 329 329 329 351 351 351 351 351 351 376 376 376 376 376 376 401 401 401 401 401 401 401 430 430 430 430 430 430 453 453 453 453 453 453 475 475 475 475 475 475 495 495 495 495 495 495 495 517 517 517 517
195 195 195 195 213 213 213 213 213 213 233 233 233 233 233 233 233 253 253 253 253 253 253 272 272 272 272 272 272 291 291 291 291 291 291 0 0 0 0 0 0 0 329 329 329 329 329 329 351 351 351 351 351 351 376 376 376 376 376 376 401 401 401 401 401 401 401 430 430 430 430 430 430 453 453 453 453 453 453 475 475 475 475 475 475 495 495 495 495 495 495 495 517 517 517 517
195 195 195 195 213 213 213 213 213 213 233 233 233 233 233 233 233 253 253 253 253 253 253 272 272 272 272 272 272 291 291 291 291 291 291 0 0 0 0 0 0 0 329 329 329 329 329 329 351 351 351 351 351 351 376 376 376 376 376 376 401 401 401 401 401 401 401 430 430 430 430 430 430 453 453 453 453 453 453 475 475 475 475 475 475 495 495 495 495 495 495 495 517 517 517 517
195 195 195 203 203 213 213 213 213 222 222 233 233 233 233 243 243 243 253 253 253 253 262 262 272 272 272 272 281 281 291 291 291 291 299 299 0 0 0 0 317 317 317 329 329 329 329 339 339 351 351 351 351 362 362 376 376 376 376 389 389 401 401 401 401 415 415 415 430 430 430 430 441 441 453 453 453 453 463 463 475 475 475 475 484 484 495 495 495 495 505 505 505 517 517 517
187 203 203 203 203 203 203 222 222 222 222 222 222 233 243 243 243 243 243 253 262 262 262 262 262 262 281 281 281 281 281 281 299 299 299 299 299 299 0 317 317 317 317 317 329 339 339 339 339 339 339 362 362 362 362 362 362 389 389 389 389 389 389 401 415 415 415 415 415 430 441 441 441 441 441 441 463 463 463 463 463 463 484 484 484 484 484 484 495 505 505 505 505 505 517 527
187 203 203 203 203 203 203 222 222 222 222 222 222 243 243 243 243 243 243 243 262 262 262 262 262 262 281 281 281 281 281 281 299 299 299 299 299 299 317 317 317 317 317 317 317 339 339 339 339 339 339 362 362 362 362 362 362 389 389 389 389 389 389 415 415 415 415 415 415 415 441 441 441 441 441 441 463 463 463 463 463 463 484 484 484 484 484 484 505 505 505 505 505 505 505 527
187 203 203 203 203 203 203 222 222 222 222 222 222 243 243 243 243 243 243 243 262 262 262 262 262 262 281 281 281 281 281 281 299 299 299 299 299 299 317 317 317 317 317 317 317 339 339 339 339 339 339 362 362 362 362 362 362 389 389 389 389 389 389 415 415 415 415 415 415 415 441 441 441 441 441 441 463 463 463 463 463 463 484 484 484 484 484 484 505 505 505 505 505 505 505 527
187 203 203 203 203 203 203 222 222 222 222 222 222 243 243 243 243 243 243 243 262 262 262 262 262 262 281 281 281 281 281 281 299 299 299 299 299 299 317 317 317 317 317 317 317 339 339 339 339 339 339 362 362 362 362 362 362 389 389 389 389 389 389 415 415 415 415 415 415 415 441 441 441 441 441 441 463 463 463 463 463 463 484 484 484 484 484 484 505 505 505 505 505 505 505 527
194 203 203 203 203 203 203 212 222 222 222 222 222 232 243 243 243 243 243 252 262 262 262 262 262 271 281 281 281 281 281 281 290 299 299 299 299 299 307 317 317 317 317 317 328 339 339 339 339 339 350 362 362 362 362 362 362 375 389 389 389 389 389 400 415 415 415 415 415 429 441 441 441 441 441 452 463 463 463 463 463 463 474 484 484 484 484 484 494 505 505 505 505 505 516 527
