input/newpatchfromoldpatch.asc
NCOLS 406 
NROWS 256 
XLLCORNER 301413.09 
YLLCORNER 5677998.2720308 
CELLSIZE 160 
NODATA_value -2 
[rows 98 to 146 of 256, columns 288 to 383 of 406]
887 887 887 887 887 0 0 0 0 0 0 0 0 0 0 0 0 0 0 0 0 0 0 0 0 0 0 0 0 0 0 0 0 0 0 0 0 0 0 0 0 0 0 0 0 0 0 0 0 0 0 0 0 0 0 0 0 0 0 0 0 0 0 0 0 0 0 0 0 0 0 0 0 0 0 0 0 0 0 0 0 0 0 0 0 0 0 0 0 0 0 0 0 0 0 0
887 887 887 887 887 887 0 0 0 0 0 0 0 0 0 0 0 0 0 0 0 0 0 0 0 0 0 0 0 0 0 0 0 0 0 0 0 0 0 0 0 0 0 0 0 0 0 0 0 0 0 0 0 0 0 0 0 0 0 0 0 0 0 0 0 0 0 0 0 0 0 0 0 0 0 0 0 0 0 0 0 0 0 0 0 0 0 0 0 0 0 0 0 0 0 0
887 887 887 887 887 887 0 0 0 0 0 0 0 0 0 0 0 0 0 0 0 0 0 0 0 0 0 0 0 0 0 0 0 0 0 0 0 0 0 0 0 0 0 0 0 0 0 0 0 0 0 0 0 0 0 0 0 0 0 0 0 0 0 0 0 0 0 0 0 0 0 0 0 0 0 0 0 0 0 0 0 0 0 0 0 0 0 0 0 0 0 0 0 0 0 0
887 887 887 887 887 887 0 0 0 0 0 0 0 0 0 0 0 0 0 0 0 0 0 0 0 0 0 0 0 0 0 0 0 0 0 0 0 0 0 0 0 0 0 0 0 0 0 0 0 0 0 0 0 0 0 0 0 0 0 0 0 0 0 0 0 0 0 0 0 0 0 0 0 0 0 0 0 0 0 0 0 0 0 0 0 0 0 0 0 0 0 0 0 0 0 0
887 887 887 887 887 887 0 0 0 0 0 0 0 0 0 0 0 0 0 0 0 0 0 0 0 0 0 0 0 0 0 0 0 0 0 0 0 0 0 0 0 0 0 0 0 0 0 0 0 0 0 0 0 0 0 0 0 0 0 0 0 0 0 0 0 0 0 0 0 0 0 0 0 0 0 0 0 0 0 0 0 0 0 0 0 0 0 0 0 0 0 0 0 0 0 0
876 887 887 887 897 897 897 0 0 0 0 916 916 0 0 0 0 935 935 935 0 0 0 954 954 954 0 0 0 974 974 974 0 0 0 0 0 0 0 0 0 0 0 0 0 0 0 0 0 0 0 0 0 0 0 0 0 0 0 0 0 0 0 0 0 0 0 0 0 0 0 0 0 0 0 0 0 0 0 0 0 0 0 0 0 0 0 0 0 0 0 0 0 0 0 0
876 876 876 897 897 897 897 897 897 916 916 916 916 916 916 935 935 935 935 935 935 954 954 954 954 954 954 954 974 974 974 974 974 974 0 0 0 0 0 0 0 0 0 0 0 0 0 0 0 0 0 0 0 0 0 0 0 0 0 0 0 0 0 0 0 0 0 0 0 0 0 0 0 0 0 0 0 0 0 0 0 0 0 0 0 0 0 0 0 0 0 0 0 0 0 0
876 876 876 897 897 897 897 897 897 916 916 916 916 916 916 935 935 935 935 935 935 954 954 954 954 954 954 954 974 974 974 974 974 974 0 0 0 0 0 0 0 0 0 0 0 0 0 0 0 0 0 0 0 0 0 0 0 0 0 0 0 0 0 0 0 0 0 0 0 0 0 0 0 0 0 0 0 0 0 0 0 0 0 0 0 0 0 0 0 0 0 0 0 0 0 0
876 876 876 897 897 897 897 897 897 916 916 916 916 916 916 935 935 935 935 935 935 954 954 954 954 954 954 954 974 974 974 974 974 974 0 0 0 0 0 0 0 0 0 0 0 0 0 0 0 0 0 0 0 0 0 0 0 0 0 0 0 0 0 0 0 0 0 0 0 0 0 0 0 0 0 0 0 0 0 0 0 0 0 0 0 0 0 0 0 0 0 0 0 0 0 0
876 876 876 897 897 897 897 897 897 916 916 916 916 916 916 935 935 935 935 935 935 954 954 954 954 954 954 954 974 974 974 974 974 974 0 0 0 0 0 0 0 0 0 0 0 0 0 0 0 0 0 0 0 0 0 0 0 0 0 0 0 0 0 0 0 0 0 0 0 0 0 0 0 0 0 0 0 0 0 0 0 0 0 0 0 0 0 0 0 0 0 0 0 0 0 0
876 876 886 897 897 897 897 897 906 906 916 916 916 916 925 925 935 935 935 935 935 944 954 954 954 954 954 963 974 974 974 974 974 985 985 0 0 0 0 0 0 0 0 0 0 0 0 0 0 0 0 0 0 0 0 0 0 0 0 0 0 0 0 0 0 0 0 0 0 0 0 0 0 0 0 0 0 0 0 0 0 0 0 0 0 0 0 0 0 0 0 0 0 0 0 0
886 886 886 886 886 897 906 906 906 906 906 916 916 925 925 925 925 925 935 944 944 944 944 944 954 963 963 963 963 963 974 985 985 985 985 985 0 0 0 0 0 0 0 0 0 0 0 0 0 0 0 0 0 0 0 0 0 0 0 0 0 0 0 0 0 0 0 0 0 0 0 0 0 0 0 0 0 0 0 0 0 0 0 0 0 0 0 0 0 0 0 0 0 0 0 0
886 886 886 886 886 886 906 906 906 906 906 906 925 925 925 925 925 925 944 944 944 944 944 944 944 963 963 963 963 963 963 985 985 985 985 985 985 0 0 0 0 0 0 0 0 0 0 0 0 0 0 0 0 0 0 0 0 0 0 0 0 0 0 0 0 0 0 0 0 0 0 0 0 0 0 0 0 0 0 0 0 0 0 0 0 0 0 0 0 0 0 0 0 0 0 0
886 886 886 886 886 886 906 906 906 906 906 906 925 925 925 925 925 925 944 944 944 944 944 944 944 963 963 963 963 963 963 985 985 985 985 985 985 0 0 0 0 0 0 0 0 0 0 0 0 0 0 0 0 0 0 0 0 0 0 0 0 0 0 0 0 0 0 0 0 0 0 0 0 0 0 0 0 0 0 0 0 0 0 0 0 0 0 0 0 0 0 0 0 0 0 0
886 886 886 886 886 886 906 906 906 906 906 906 925 925 925 925 925 925 944 944 944 944 944 944 944 963 963 963 963 963 963 985 985 985 985 985 985 0 0 0 0 0 0 0 0 0 0 0 0 0 0 0 0 0 0 0 0 0 0 0 0 0 0 0 0 0 0 0 0 0 0 0 0 0 0 0 0 0 0 0 0 0 0 0 0 0 0 0 0 0 0 0 0 0 0 0
886 886 886 886 886 886 906 906 906 906 906 906 925 925 925 925 925 925 944 944 944 944 944 944 953 963 963 963 963 963 963 985 985 985 985 985 985 0 0 0 0 0 0 0 0 0 0 0 0 0 0 0 0 0 0 0 0 0 0 0 0 0 0 0 0 0 0 0 0 0 0 0 0 0 0 0 0 0 0 0 0 0 0 0 0 0 0 0 0 0 0 0 0 0 0 0
875 886 886 886 896 896 896 896 906 906 915 915 915 915 925 925 934 934 934 934 944 944 944 953 953 953 963 963 963 973 973 973 973 985 985 996 996 996 996 0 0 1018 1018 1018 1018 0 0 0 0 0 0 0 0 0 0 0 0 0 0 0 0 0 0 0 0 0 0 0 0 0 0 0 0 0 0 0 0 0 0 0 0 0 0 0 0 0 0 0 0 0 0 0 0 0 0 0
875 875 875 896 896 896 896 896 896 915 915 915 915 915 915 934 934 934 934 934 934 953 953 953 953 953 953 953 973 973 973 973 973 973 996 996 996 996 996 996 1018 1018 1018 1018 1018 1018 0 0 0 0 0 0 0 0 0 0 0 0 0 0 0 0 0 0 0 0 0 0 0 0 0 0 0 0 0 0 0 0 0 0 0 0 0 0 0 0 0 0 0 0 0 0 0 0 0 0
875 875 875 896 896 896 896 896 896 915 915 915 915 915 915 934 934 934 934 934 934 953 953 953 953 953 953 953 973 973 973 973 973 973 996 996 996 996 996 996 1018 1018 1018 1018 1018 1018 0 0 0 0 0 0 0 0 0 0 0 0 0 0 0 0 0 0 0 0 0 0 0 0 0 0 0 0 0 0 0 0 0 0 0 0 0 0 0 0 0 0 0 0 0 0 0 0 0 0
875 875 875 896 896 896 896 896 896 915 915 915 915 915 915 934 934 934 934 934 934 953 953 953 953 953 953 953 973 973 973 973 973 973 996 996 996 996 996 996 1018 1018 1018 1018 1018 1018 0 0 0 0 0 0 0 0 0 0 0 0 0 0 0 0 0 0 0 0 0 0 0 0 0 0 0 0 0 0 0 0 0 0 0 0 0 0 0 0 0 0 0 0 0 0 0 0 0 0
875 875 875 896 896 896 896 896 896 915 915 915 915 915 915 934 934 934 934 934 934 953 953 953 953 953 953 953 973 973 973 973 973 973 996 996 996 996 996 996 1018 1018 1018 1018 1018 1018 0 0 0 0 0 0 0 0 0 0 0 0 0 0 0 0 0 0 0 0 0 0 0 0 0 0 0 0 0 0 0 0 0 0 0 0 0 0 0 0 0 0 0 0 0 0 0 0 0 0
875 875 885 885 896 896 896 896 905 905 915 915 915 915 924 924 934 934 934 934 0 0 953 953 953 953 953 962 962 973 973 973 973 984 984 996 996 996 996 1007 1007 1018 1018 1018 1018 1030 1030 0 0 0 0 0 1053 1053 0 0 0 0 1075 1075 0 0 0 0 1099 1099 0 0 0 0 1123 1123 0 0 0 0 0 1146 1146 0 0 0 0 1169 1169 0 0 0 0 1191 1191 0 0 0 0 1214
885 885 885 885 885 896 905 905 905 905 905 905 924 924 924 924 924 924 934 0 0 0 0 0 953 962 962 962 962 962 973 984 984 984 984 984 984 1007 1007 1007 1007 1007 1007 1018 1030 1030 1030 1030 1030 0 1053 1053 1053 1053 1053 0 1075 1075 1075 1075 1075 1075 1099 1099 1099 1099 1099 1099 0 1123 1123 1123 1123 1123 0 1146 1146 1146 1146 1146 0 1169 1169 1169 1169 1169 1169 1191 1191 1191 1191 1191 1191 0 1214 1214
885 885 885 885 885 885 905 905 905 905 905 905 924 924 924 924 924 924 0 0 0 0 0 0 0 962 962 962 962 962 962 984 984 984 984 984 984 1007 1007 1007 1007 1007 1007 1030 1030 1030 1030 1030 1030 1030 1053 1053 1053 1053 1053 1053 1075 1075 1075 1075 1075 1075 1099 1099 1099 1099 1099 1099 1123 1123 1123 1123 1123 1123 1123 1146 1146 1146 1146 1146 1146 1169 1169 1169 1169 1169 1169 1191 1191 1191 1191 1191 1191 1214 1214 1214
885 885 885 885 885 885 905 905 905 905 905 905 924 924 924 924 924 924 0 0 0 0 0 0 0 962 962 962 962 962 962 984 984 984 984 984 984 1007 1007 1007 1007 1007 1007 1030 1030 1030 1030 1030 1030 1030 1053 1053 1053 1053 1053 1053 1075 1075 1075 1075 1075 1075 1099 1099 1099 1099 1099 1099 1123 1123 1123 1123 1123 1123 1123 1146 1146 1146 1146 1146 1146 1169 1169 1169 1169 1169 1169 1191 1191 1191 1191 1191 1191 1214 1214 1214
885 885 885 885 885 885 905 905 905 905 905 905 924 924 924 924 924 924 0 0 0 0 0 0 0 962 962 962 962 962 962 984 984 984 984 984 984 1007 1007 1007 1007 1007 1007 1030 1030 1030 1030 1030 1030 1030 1053 1053 1053 1053 1053 1053 1075 1075 1075 1075 1075 1075 1099 1099 1099 1099 1099 1099 1123 1123 1123 1123 1123 1123 1123 1146 1146 1146 1146 1146 1146 1169 1169 1169 1169 1169 1169 1191 1191 1191 1191 1191 1191 1214 1214 1214
885 885 885 885 885 895 905 905 905 905 905 905 924 924 924 924 924 924 933 0 0 0 0 0 952 962 962 962 962 962 972 984 984 984 984 984 984 1007 1007 1007 1007 1007 1007 1017 1030 1030 1030 1030 1030 1042 1053 1053 1053 1053 1053 1063 1075 1075 1075 1075 1075 1075 1099 1099 1099 1099 1099 1099 1110 1123 1123 1123 1123 1123 1135 1146 1146 1146 1146 1146 1158 1169 1169 1169 1169 1169 1169 1191 1191 1191 1191 1191 1191 1202 1214 1214
874 874 885 885 895 895 895 895 905 905 914 914 914 914 924 924 933 933 933 933 0 0 952 952 952 952 952 962 962 972 972 972 972 984 984 995 995 995 995 1007 1007 1017 1017 1017 1017 1030 1030 1042 1042 1042 1042 1042 1053 1053 1063 1063 1063 1063 1075 1075 1087 1087 1087 1087 1099 1099 1110 1110 1110 1110 1123 1123 1135 1135 1135 1135 1135 1146 1146 1158 1158 1158 1158 1169 1169 1179 1179 1179 1179 1191 1191 1202 1202 1202 1202 1214
874 874 874 895 895 895 895 895 895 914 914 914 914 914 914 933 933 933 933 933 933 952 952 952 952 952 952 952 972 972 972 972 972 972 995 995 995 995 995 995 1017 1017 1017 1017 1017 1017 1042 1042 1042 1042 1042 1042 1042 1063 1063 1063 1063 1063 1063 1087 1087 1087 1087 1087 1087 1110 1110 1110 1110 1110 1110 1135 1135 1135 1135 1135 1135 1135 1158 1158 1158 1158 1158 1158 1179 1179 1179 1179 1179 1179 1202 1202 1202 1202 1202 1202
874 874 874 895 895 895 895 895 895 914 914 914 914 914 914 933 933 933 933 933 933 952 952 952 952 952 952 952 972 972 972 972 972 972 995 995 995 995 995 995 1017 1017 1017 1017 1017 1017 1042 1042 1042 1042 1042 1042 1042 1063 1063 1063 1063 1063 1063 1087 1087 1087 1087 1087 1087 1110 1110 1110 1110 1110 1110 1135 1135 1135 1135 1135 1135 1135 1158 1158 1158 1158 1158 1158 1179 1179 1179 1179 1179 1179 1202 1202 1202 1202 1202 1202
874 874 874 895 895 895 895 895 895 914 914 914 914 914 914 933 933 933 933 933 933 952 952 952 952 952 952 952 972 972 972 972 972 972 995 995 995 995 995 995 1017 1017 1017 1017 1017 1017 1042 1042 1042 1042 1042 1042 1042 1063 1063 1063 1063 1063 1063 1087 1087 1087 1087 1087 1087 1110 1110 1110 1110 1110 1110 1135 1135 1135 1135 1135 1135 1135 1158 1158 1158 1158 1158 1158 1179 1179 1179 1179 1179 1179 1202 1202 1202 1202 1202 1202
874 874 874 895 895 895 895 895 895 914 914 914 914 914 914 933 933 933 933 933 933 952 952 952 952 952 952 952 972 972 972 972 972 972 995 995 995 995 995 995 1017 1017 1017 1017 1017 1017 1042 1042 1042 1042 1042 1042 1042 1063 1063 1063 1063 1063 1063 1087 1087 1087 1087 1087 1087 1110 1110 1110 1110 1110 1110 1135 1135 1135 1135 1135 1135 1135 1158 1158 1158 1158 1158 1158 1179 1179 1179 1179 1179 1179 1202 1202 1202 1202 1202 1202
874 884 884 884 895 895 895 904 904 904 914 914 914 914 923 923 923 933 933 933 943 943 943 952 952 952 961 961 961 972 972 972 983 983 983 995 995 995 995 1006 1006 1006 1017 1017 1017 1029 1029 1029 1042 1042 1042 1052 1052 1052 1063 1063 1063 1074 1074 1074 1087 1087 1087 1087 1098 1098 1098 1110 1110 1110 1122 1122 1122 1135 1135 1135 1145 1145 1145 1158 1158 1158 1168 1168 1168 1179 1179 1179 1179 1190 1190 1190 1202 1202 1202 1213
884 884 884 884 884 884 904 904 904 904 904 904 923 923 923 923 923 923 943 943 943 943 943 943 952 961 961 961 961 961 961 983 983 983 983 983 983 1006 1006 1006 1006 1006 1006 1029 1029 1029 1029 1029 1029 1042 1052 1052 1052 1052 1052 1052 1074 1074 1074 1074 1074 1074 1098 1098 1098 1098 1098 1098 1122 1122 1122 1122 1122 1122 1135 1145 1145 1145 1145 1145 1145 1168 1168 1168 1168 1168 1168 1190 1190 1190 1190 1190 1190 1213 1213 1213
884 884 884 884 884 884 904 904 904 904 904 904 923 923 923 923 923 923 943 943 943 943 943 943 943 961 961 961 961 961 961 983 983 983 983 983 983 1006 1006 1006 1006 1006 1006 1029 1029 1029 1029 1029 1029 1029 1052 1052 1052 1052 1052 1052 1074 1074 1074 1074 1074 1074 1098 1098 1098 1098 1098 1098 1122 1122 1122 1122 1122 1122 1122 1145 1145 1145 1145 1145 1145 1168 1168 1168 1168 1168 1168 1190 1190 1190 1190 1190 1190 1213 1213 1213
884 884 884 884 884 884 904 904 904 904 904 904 923 923 923 923 923 923 943 943 943 943 943 943 943 961 961 961 961 961 961 983 983 983 983 983 983 1006 1006 1006 1006 1006 1006 1029 1029 1029 1029 1029 1029 1029 1052 1052 1052 1052 1052 1052 1074 1074 1074 1074 1074 1074 1098 1098 1098 1098 1098 1098 1122 1122 1122 1122 1122 1122 1122 1145 1145 1145 1145 1145 1145 1168 1168 1168 1168 1168 1168 1190 1190 1190 1190 1190 1190 1213 1213 1213
884 884 884 884 884 884 904 904 904 904 904 904 923 923 923 923 923 923 943 943 943 943 943 943 943 961 961 961 961 961 961 983 983 983 983 983 983 1006 1006 1006 1006 1006 1006 1029 1029 1029 1029 1029 1029 1029 1052 1052 1052 1052 1052 1052 1074 1074 1074 1074 1074 1074 1098 1098 1098 1098 1098 1098 1122 1122 1122 1122 1122 1122 1122 1145 1145 1145 1145 1145 1145 1168 1168 1168 1168 1168 1168 1190 1190 1190 1190 1190 1190 1213 1213 1213
884 884 884 884 884 894 904 904 904 904 904 913 913 923 923 923 923 923 932 943 943 943 943 943 951 961 961 961 961 961 971 983 983 983 983 983 994 994 1006 1006 1006 1006 1006 1016 1029 1029 1029 1029 1029 1041 1052 1052 1052 1052 1052 0 1074 1074 1074 1074 1074 1086 1086 1098 1098 1098 1098 1098 1109 1122 1122 1122 1122 1122 1134 1145 1145 1145 1145 1145 1157 1168 1168 1168 1168 1168 1178 1178 1190 1190 1190 1190 1190 1201 1213 1213
873 873 884 894 894 894 894 894 904 904 913 913 913 913 923 923 932 932 932 932 932 943 951 951 951 951 951 961 971 971 971 971 971 983 983 994 994 994 994 1006 1006 1016 1016 1016 1016 1016 1029 1041 1041 1041 1041 1041 1052 0 0 0 0 0 1074 1074 1086 1086 1086 1086 1098 1098 1109 1109 1109 1109 1109 1122 1134 1134 1134 1134 1134 1145 1157 1157 1157 1157 1157 1168 1168 1178 1178 1178 1178 1190 1190 1201 1201 1201 1201 1201
873 873 873 894 894 894 894 894 894 913 913 913 913 913 913 932 932 932 932 932 932 951 951 951 951 951 951 951 971 971 971 971 971 971 994 994 994 994 994 994 1016 1016 1016 1016 1016 1016 1041 1041 1041 1041 1041 1041 1041 0 0 0 0 0 0 1086 1086 1086 1086 1086 1086 1109 1109 1109 1109 1109 1109 1134 1134 1134 1134 1134 1134 1134 1157 1157 1157 1157 1157 1157 1178 1178 1178 1178 1178 1178 1201 1201 1201 1201 1201 1201
873 873 873 894 894 894 894 894 894 913 913 913 913 913 913 932 932 932 932 932 932 951 951 951 951 951 951 951 971 971 971 971 971 971 994 994 994 994 994 994 1016 1016 1016 1016 1016 1016 1041 1041 1041 1041 1041 1041 1041 0 0 0 0 0 0 1086 1086 1086 1086 1086 1086 1109 1109 1109 1109 1109 1109 1134 1134 1134 1134 1134 1134 1134 1157 1157 1157 1157 1157 1157 1178 1178 1178 1178 1178 1178 1201 1201 1201 1201 1201 1201
873 873 873 894 894 894 894 894 894 913 913 913 913 913 913 932 932 932 932 932 932 951 951 951 951 951 951 951 971 971 971 971 971 971 994 994 994 994 994 994 1016 1016 1016 1016 1016 1016 1041 1041 1041 1041 1041 1041 1041 0 0 0 0 0 0 1086 1086 1086 1086 1086 1086 1109 1109 1109 1109 1109 1109 1134 1134 1134 1134 1134 1134 1134 1157 1157 1157 1157 1157 1157 1178 1178 1178 1178 1178 1178 1201 1201 1201 1201 1201 1201
873 873 873 894 894 894 894 894 894 913 913 913 913 913 913 932 932 932 932 932 932 951 951 951 951 951 951 951 971 971 971 971 971 971 994 994 994 994 994 994 1016 1016 1016 1016 1016 1016 1041 1041 1041 1041 1041 1041 1041 0 0 0 0 0 0 1086 1086 1086 1086 1086 1086 1109 1109 1109 1109 1109 1109 1134 1134 1134 1134 1134 1134 1134 1157 1157 1157 1157 1157 1157 1178 1178 1178 1178 1178 1178 1201 1201 1201 1201 1201 1201
873 883 883 883 894 894 894 903 903 903 903 913 913 922 922 922 922 932 932 932 942 942 942 951 951 951 0 0 0 971 971 971 982 982 982 982 994 994 1005 1005 1005 1005 1016 1016 1016 1028 1028 1028 1041 1041 1041 1051 1051 1051 0 0 0 1073 1073 1073 1073 1086 1086 1097 1097 1097 1097 1109 1109 1109 1121 1121 1121 1134 1134 1134 1144 1144 1144 1157 1157 1157 1167 1167 1167 1167 1178 1178 1189 1189 1189 1189 1201 1201 1201 1212
883 883 883 883 883 883 903 903 903 903 903 903 922 922 922 922 922 922 942 942 942 942 942 942 942 0 0 0 0 0 0 982 982 982 982 982 982 1005 1005 1005 1005 1005 1005 1028 1028 1028 1028 1028 1028 1028 1051 1051 1051 1051 1051 1051 1073 1073 1073 1073 1073 1073 1097 1097 1097 1097 1097 1097 1121 1121 1121 1121 1121 1121 1121 1144 1144 1144 1144 1144 1144 1167 1167 1167 1167 1167 1167 1189 1189 1189 1189 1189 1189 1212 1212 1212
883 883 883 883 883 883 903 903 903 903 903 903 922 922 922 922 922 922 942 942 942 942 942 942 942 0 0 0 0 0 0 982 982 982 982 982 982 1005 1005 1005 1005 1005 1005 1028 1028 1028 1028 1028 1028 1028 1051 1051 1051 1051 1051 1051 1073 1073 1073 1073 1073 1073 1097 1097 1097 1097 1097 1097 1121 1121 1121 1121 1121 1121 1121 1144 1144 1144 1144 1144 1144 1167 1167 1167 1167 1167 1167 1189 1189 1189 1189 1189 1189 1212 1212 1212
883 883 883 883 883 883 903 903 903 903 903 903 922 922 922 922 922 922 942 942 942 942 942 942 942 0 0 0 0 0 0 982 982 982 982 982 982 1005 1005 1005 1005 1005 1005 1028 1028 1028 1028 1028 1028 1028 1051 1051 1051 1051 1051 1051 1073 1073 1073 1073 1073 1073 1097 1097 1097 1097 1097 1097 1121 1121 1121 1121 1121 1121 1121 1144 1144 1144 1144 1144 1144 1167 1167 1167 1167 1167 1167 1189 1189 1189 1189 1189 1189 1212 1212 1212
883 883 883 883 883 883 903 903 903 903 903 903 922 922 922 922 922 922 942 942 942 942 942 942 942 0 0 0 0 0 0 982 982 982 982 982 982 1005 1005 1005 1005 1005 1005 1028 1028 1028 1028 1028 1028 1028 1051 1051 1051 1051 1051 1051 1073 1073 1073 1073 1073 1073 1097 1097 1097 1097 1097 1097 1121 1121 1121 1121 1121 1121 1121 1144 1144 1144 1144 1144 1144 1167 1167 1167 1167 1167 1167 1189 1189 1189 1189 1189 1189 1212 1212 1212
883 883 883 883 883 893 893 903 903 903 903 912 912 922 922 922 922 931 931 942 942 942 942 942 950 0 0 0 0 0 970 970 982 982 982 982 993 993 1005 1005 1005 1005 1015 1015 1028 1028 1028 1028 1028 1040 1051 1051 1051 1051 1051 1062 1062 1073 1073 1073 1073 1085 1085 1097 1097 1097 1097 1108 1108 1121 1121 1121 1121 1121 1133 1144 1144 1144 1144 1144 1156 1156 1167 1167 1167 1167 1177 1177 1189 1189 1189 1189 1200 1200 1212 1212
