input/newpatchfromoldpatch.asc
NCOLS 406 
NROWS 256 
XLLCORNER 301413.09 
YLLCORNER 5677998.2720308 
CELLSIZE 160 
NODATA_value -2 
[rows 196 to 244 of 256, columns 192 to 287 of 406]
507 507 0 0 0 0 0 0 551 551 551 551 551 551 574 574 574 574 574 574 574 595 595 595 595 595 595 619 619 619 619 619 619 647 647 647 647 647 647 674 674 674 674 674 674 674 698 698 698 698 698 698 722 722 722 722 722 722 744 744 744 744 744 744 766 766 766 766 766 766 766 787 787 787 787 787 787 811 811 811 811 811 811 835 835 835 835 835 835 858 858 858 858 858 858 858
507 507 0 0 0 0 0 0 551 551 551 551 551 551 574 574 574 574 574 574 574 595 595 595 595 595 595 619 619 619 619 619 619 647 647 647 647 647 647 674 674 674 674 674 674 674 698 698 698 698 698 698 722 722 722 722 722 722 744 744 744 744 744 744 766 766 766 766 766 766 766 787 787 787 787 787 787 811 811 811 811 811 811 835 835 835 835 835 835 858 858 858 858 858 858 858
507 507 0 0 0 0 0 0 551 551 551 551 551 551 574 574 574 574 574 574 574 595 595 595 595 595 595 619 619 619 619 619 619 647 647 647 647 647 647 674 674 674 674 674 674 674 698 698 698 698 698 698 722 722 722 722 722 722 744 744 744 744 744 744 766 766 766 766 766 766 766 787 787 787 787 787 787 811 811 811 811 811 811 835 835 835 835 835 835 858 858 858 858 858 858 858
507 507 0 0 0 0 0 0 551 551 551 551 551 551 574 574 574 574 574 574 574 595 595 595 595 595 595 619 619 619 619 619 619 647 647 647 647 647 647 674 674 674 674 674 674 674 698 698 698 698 698 698 722 722 722 722 722 722 744 744 744 744 744 744 766 766 766 766 766 766 766 787 787 787 787 787 787 811 811 811 811 811 811 835 835 835 835 835 835 858 858 858 858 858 858 858
507 518 0 0 0 0 0 540 540 551 551 551 551 551 562 574 574 574 574 574 584 595 595 595 595 595 605 619 619 619 619 619 632 632 647 647 647 647 647 660 674 674 674 674 674 685 698 698 698 698 698 710 722 722 722 722 722 732 732 744 744 744 744 744 754 766 766 766 766 766 776 787 787 787 787 787 799 811 811 811 811 811 823 823 835 835 835 835 835 846 858 858 858 858 858 867
518 518 518 518 0 0 540 540 540 540 551 551 562 562 562 562 562 574 584 584 584 584 584 595 605 605 605 605 605 619 619 632 632 632 632 647 647 660 660 660 660 660 674 685 685 685 685 685 698 710 710 710 710 710 722 722 732 732 732 732 744 744 754 754 754 754 754 766 776 776 776 776 776 787 799 799 799 799 799 811 811 823 823 823 823 835 835 846 846 846 846 846 858 867 867 867
518 518 518 518 518 540 540 540 540 540 540 562 562 562 562 562 562 584 584 584 584 584 584 584 605 605 605 605 605 605 632 632 632 632 632 632 660 660 660 660 660 660 685 685 685 685 685 685 685 710 710 710 710 710 710 732 732 732 732 732 732 754 754 754 754 754 754 776 776 776 776 776 776 776 799 799 799 799 799 799 823 823 823 823 823 823 846 846 846 846 846 846 867 867 867 867
518 518 518 518 518 540 540 540 540 540 540 562 562 562 562 562 562 584 584 584 584 584 584 584 605 605 605 605 605 605 632 632 632 632 632 632 660 660 660 660 660 660 685 685 685 685 685 685 685 710 710 710 710 710 710 732 732 732 732 732 732 754 754 754 754 754 754 776 776 776 776 776 776 776 799 799 799 799 799 799 823 823 823 823 823 823 846 846 846 846 846 846 867 867 867 867
518 518 518 518 518 540 540 540 540 540 540 562 562 562 562 562 562 584 584 584 584 584 584 584 605 605 605 605 605 605 632 632 632 632 632 632 660 660 660 660 660 660 685 685 685 685 685 685 685 710 710 710 710 710 710 732 732 732 732 732 732 754 754 754 754 754 754 776 776 776 776 776 776 776 799 799 799 799 799 799 823 823 823 823 823 823 846 846 846 846 846 846 867 867 867 867
518 518 518 518 518 540 540 540 540 540 540 562 562 562 562 562 562 584 584 584 584 584 584 584 605 605 605 605 605 605 632 632 632 632 632 632 660 660 660 660 660 660 685 685 685 685 685 685 685 710 710 710 710 710 710 732 732 732 732 732 732 754 754 754 754 754 754 776 776 776 776 776 776 776 799 799 799 799 799 799 823 823 823 823 823 823 846 846 846 846 846 846 867 867 867 867
518 518 518 0 0 0 0 540 540 0 0 0 0 562 562 562 0 0 0 584 584 584 0 0 0 605 605 605 618 618 618 618 632 632 646 646 646 646 660 660 660 673 673 673 685 685 685 697 697 697 710 710 710 721 721 721 721 732 732 743 743 743 743 754 754 754 765 765 765 776 776 776 786 786 786 799 799 799 810 810 810 810 823 823 834 834 834 834 846 846 846 857 857 857 867 867
0 0 0 0 0 0 0 0 0 0 0 0 0 0 0 0 0 0 0 0 0 0 0 0 0 0 0 618 618 618 618 618 618 646 646 646 646 646 646 673 673 673 673 673 673 673 697 697 697 697 697 697 721 721 721 721 721 721 743 743 743 743 743 743 765 765 765 765 765 765 765 786 786 786 786 786 786 810 810 810 810 810 810 834 834 834 834 834 834 857 857 857 857 857 857 857
0 0 0 0 0 0 0 0 0 0 0 0 0 0 0 0 0 0 0 0 0 0 0 0 0 0 0 618 618 618 618 618 618 646 646 646 646 646 646 673 673 673 673 673 673 673 697 697 697 697 697 697 721 721 721 721 721 721 743 743 743 743 743 743 765 765 765 765 765 765 765 786 786 786 786 786 786 810 810 810 810 810 810 834 834 834 834 834 834 857 857 857 857 857 857 857
0 0 0 0 0 0 0 0 0 0 0 0 0 0 0 0 0 0 0 0 0 0 0 0 0 0 0 618 618 618 618 618 618 646 646 646 646 646 646 673 673 673 673 673 673 673 697 697 697 697 697 697 721 721 721 721 721 721 743 743 743 743 743 743 765 765 765 765 765 765 765 786 786 786 786 786 786 810 810 810 810 810 810 834 834 834 834 834 834 857 857 857 857 857 857 857
0 0 0 0 0 0 0 0 0 0 0 0 0 0 0 0 0 0 0 0 0 0 0 0 0 0 0 618 618 618 618 618 618 646 646 646 646 646 646 673 673 673 673 673 673 673 697 697 697 697 697 697 721 721 721 721 721 721 743 743 743 743 743 743 765 765 765 765 765 765 765 786 786 786 786 786 786 810 810 810 810 810 810 834 834 834 834 834 834 857 857 857 857 857 857 857
0 0 0 0 0 0 0 0 0 0 0 0 0 0 0 0 0 0 0 0 0 0 0 0 0 0 604 604 618 618 618 618 631 631 646 646 646 646 659 659 673 673 673 673 0 0 0 697 697 697 697 709 709 721 721 721 721 731 731 743 743 743 743 753 753 765 765 765 765 0 0 0 786 786 786 786 798 798 810 810 810 810 822 822 834 834 834 834 0 0 857 857 857 857 0 0
0 0 0 0 0 0 0 0 0 0 0 0 0 0 0 0 0 0 0 0 0 0 0 0 604 604 604 604 604 604 631 631 631 631 631 631 659 659 659 659 659 659 673 0 0 0 0 0 697 709 709 709 709 709 709 731 731 731 731 731 731 753 753 753 753 753 753 765 0 0 0 0 0 786 798 798 798 798 798 798 822 822 822 822 822 822 0 0 0 0 0 0 857 0 0 0
0 0 0 0 0 0 0 0 0 0 0 0 0 0 0 0 0 0 0 0 0 0 0 0 604 604 604 604 604 604 631 631 631 631 631 631 659 659 659 659 659 659 0 0 0 0 0 0 0 709 709 709 709 709 709 731 731 731 731 731 731 753 753 753 753 753 753 0 0 0 0 0 0 0 798 798 798 798 798 798 822 822 822 822 822 822 0 0 0 0 0 0 0 0 0 0
0 0 0 0 0 0 0 0 0 0 0 0 0 0 0 0 0 0 0 0 0 0 0 0 604 604 604 604 604 604 631 631 631 631 631 631 659 659 659 659 659 659 0 0 0 0 0 0 0 709 709 709 709 709 709 731 731 731 731 731 731 753 753 753 753 753 753 0 0 0 0 0 0 0 798 798 798 798 798 798 822 822 822 822 822 822 0 0 0 0 0 0 0 0 0 0
0 0 0 0 0 0 0 0 0 0 0 0 0 0 0 0 0 0 0 0 0 0 0 0 604 604 604 604 604 604 631 631 631 631 631 631 659 659 659 659 659 659 0 0 0 0 0 0 0 709 709 709 709 709 709 731 731 731 731 731 731 753 753 753 753 753 753 0 0 0 0 0 0 0 798 798 798 798 798 798 822 822 822 822 822 822 0 0 0 0 0 0 0 0 0 0
0 0 0 0 0 0 0 0 0 0 0 0 0 0 0 0 0 0 0 0 0 0 0 0 604 604 604 604 604 604 631 631 631 631 631 631 659 659 659 659 659 659 672 0 0 0 0 0 696 709 709 709 709 709 709 731 731 731 731 731 731 753 753 753 753 753 753 764 0 0 0 0 0 0 798 798 798 798 798 798 822 822 822 822 822 822 0 0 0 0 0 0 0 0 0 0
0 0 0 0 0 0 0 0 0 0 0 0 0 0 0 0 0 0 0 0 0 0 0 0 0 0 604 604 0 0 0 0 631 631 0 0 0 0 659 659 672 672 672 672 0 0 0 696 696 696 696 709 709 720 720 720 720 731 731 0 0 0 0 753 753 764 764 764 764 0 0 0 0 0 0 0 798 798 809 809 809 809 822 822 833 833 833 833 0 0 0 0 0 0 0 0
0 0 0 0 0 0 0 0 0 0 0 0 0 0 0 0 0 0 0 0 0 0 0 0 0 0 0 0 0 0 0 0 0 0 0 0 0 0 0 672 672 672 672 672 672 672 696 696 696 696 696 696 720 720 720 720 720 720 0 0 0 0 0 0 764 764 764 764 764 764 764 0 0 0 0 0 0 809 809 809 809 809 809 833 833 833 833 833 833 0 0 0 0 0 0 0
0 0 0 0 0 0 0 0 0 0 0 0 0 0 0 0 0 0 0 0 0 0 0 0 0 0 0 0 0 0 0 0 0 0 0 0 0 0 0 672 672 672 672 672 672 672 696 696 696 696 696 696 720 720 720 720 720 720 0 0 0 0 0 0 764 764 764 764 764 764 764 0 0 0 0 0 0 809 809 809 809 809 809 833 833 833 833 833 833 0 0 0 0 0 0 0
0 0 0 0 0 0 0 0 0 0 0 0 0 0 0 0 0 0 0 0 0 0 0 0 0 0 0 0 0 0 0 0 0 0 0 0 0 0 0 672 672 672 672 672 672 672 696 696 696 696 696 696 720 720 720 720 720 720 0 0 0 0 0 0 764 764 764 764 764 764 764 0 0 0 0 0 0 809 809 809 809 809 809 833 833 833 833 833 833 0 0 0 0 0 0 0
0 0 0 0 0 0 0 0 0 0 0 0 0 0 0 0 0 0 0 0 0 0 0 0 0 0 0 0 0 0 0 0 0 0 0 0 0 0 0 672 672 672 672 672 672 672 696 696 696 696 696 696 720 720 720 720 720 720 0 0 0 0 0 0 764 764 764 764 764 764 764 0 0 0 0 0 0 809 809 809 809 809 809 833 833 833 833 833 833 0 0 0 0 0 0 0
0 0 0 0 0 0 0 0 0 0 0 0 0 0 0 0 0 0 0 0 0 0 0 0 0 0 0 0 0 0 0 0 630 630 0 0 0 0 658 658 658 672 672 672 684 684 684 696 696 696 708 708 708 720 720 720 720 730 730 0 0 0 0 752 752 752 764 764 764 775 775 775 0 0 0 797 797 797 809 809 809 809 821 821 833 833 833 833 0 0 0 0 0 0 0 0
0 0 0 0 0 0 0 0 0 0 0 0 0 0 0 0 0 0 0 0 0 0 0 0 0 0 0 0 0 0 630 630 630 630 630 630 658 658 658 658 658 658 684 684 684 684 684 684 684 708 708 708 708 708 708 730 730 730 730 730 730 752 752 752 752 752 752 775 775 775 775 775 775 775 797 797 797 797 797 797 821 821 821 821 821 821 0 0 0 0 0 0 0 0 0 0
0 0 0 0 0 0 0 0 0 0 0 0 0 0 0 0 0 0 0 0 0 0 0 0 0 0 0 0 0 0 630 630 630 630 630 630 658 658 658 658 658 658 684 684 684 684 684 684 684 708 708 708 708 708 708 730 730 730 730 730 730 752 752 752 752 752 752 775 775 775 775 775 775 775 797 797 797 797 797 797 821 821 821 821 821 821 0 0 0 0 0 0 0 0 0 0
0 0 0 0 0 0 0 0 0 0 0 0 0 0 0 0 0 0 0 0 0 0 0 0 0 0 0 0 0 0 630 630 630 630 630 630 658 658 658 658 658 658 684 684 684 684 684 684 684 708 708 708 708 708 708 730 730 730 730 730 730 752 752 752 752 752 752 775 775 775 775 775 775 775 797 797 797 797 797 797 821 821 821 821 821 821 0 0 0 0 0 0 0 0 0 0
0 0 0 0 0 0 0 0 0 0 0 0 0 0 0 0 0 0 0 0 0 0 0 0 0 0 0 0 0 0 630 630 630 630 630 630 658 658 658 658 658 658 684 684 684 684 684 684 684 708 708 708 708 708 708 730 730 730 730 730 730 752 752 752 752 752 752 775 775 775 775 775 775 775 797 797 797 797 797 797 821 821 821 821 821 821 0 0 0 0 0 0 0 0 0 0
0 0 0 0 0 0 0 0 0 0 0 0 0 0 0 0 0 0 0 0 0 0 0 0 0 0 0 0 0 617 617 630 630 630 630 645 645 658 658 658 658 658 671 684 684 684 684 684 695 708 708 708 708 708 719 719 730 730 730 730 742 742 752 752 752 752 752 763 775 775 775 775 775 785 797 797 797 797 797 808 808 821 821 821 821 0 0 0 0 0 0 0 0 0 0 0
0 0 0 0 0 0 0 0 0 0 0 0 0 0 0 0 0 0 0 0 0 0 0 0 0 0 0 0 617 617 617 617 630 630 645 645 645 645 658 658 671 671 671 671 671 684 695 695 695 695 695 708 708 719 719 719 719 730 730 742 742 742 742 752 752 763 763 763 763 763 775 785 785 785 785 785 797 797 808 808 808 808 821 821 0 0 0 0 0 0 0 0 0 0 0 0
0 0 0 0 0 0 0 0 0 0 0 0 0 0 0 0 0 0 0 0 0 0 0 0 0 0 0 617 617 617 617 617 617 645 645 645 645 645 645 671 671 671 671 671 671 671 695 695 695 695 695 695 719 719 719 719 719 719 742 742 742 742 742 742 763 763 763 763 763 763 763 785 785 785 785 785 785 808 808 808 808 808 808 0 0 0 0 0 0 0 0 0 0 0 0 0
0 0 0 0 0 0 0 0 0 0 0 0 0 0 0 0 0 0 0 0 0 0 0 0 0 0 0 617 617 617 617 617 617 645 645 645 645 645 645 671 671 671 671 671 671 671 695 695 695 695 695 695 719 719 719 719 719 719 742 742 742 742 742 742 763 763 763 763 763 763 763 785 785 785 785 785 785 808 808 808 808 808 808 0 0 0 0 0 0 0 0 0 0 0 0 0
0 0 0 0 0 0 0 0 0 0 0 0 0 0 0 0 0 0 0 0 0 0 0 0 0 0 0 617 617 617 617 617 617 645 645 645 645 645 645 671 671 671 671 671 671 671 695 695 695 695 695 695 719 719 719 719 719 719 742 742 742 742 742 742 763 763 763 763 763 763 763 785 785 785 785 785 785 808 808 808 808 808 808 0 0 0 0 0 0 0 0 0 0 0 0 0
0 0 0 0 0 0 0 0 0 0 0 0 0 0 0 0 0 0 0 0 0 0 0 0 0 0 0 617 617 617 617 617 617 645 645 645 645 645 645 671 671 671 671 671 671 671 695 695 695 695 695 695 719 719 719 719 719 719 742 742 742 742 742 742 763 763 763 763 763 763 763 785 785 785 785 785 785 808 808 808 808 808 808 0 0 0 0 0 0 0 0 0 0 0 0 0
0 0 0 0 0 0 0 0 0 0 0 0 0 0 0 0 0 0 0 0 0 0 0 0 0 0 0 0 617 617 617 0 0 0 0 645 645 645 0 0 0 671 671 671 0 0 0 695 695 695 707 707 707 719 719 719 0 0 0 0 742 742 742 0 0 0 763 763 763 0 0 0 785 785 785 796 796 796 808 808 808 820 820 820 820 0 0 0 0 0 0 0 0 0 0 0
0 0 0 0 0 0 0 0 0 0 0 0 0 0 0 0 0 0 0 0 0 0 0 0 0 0 0 0 0 0 0 0 0 0 0 0 0 0 0 0 0 0 0 0 0 0 0 0 0 707 707 707 707 707 707 0 0 0 0 0 0 0 0 0 0 0 0 0 0 0 0 0 0 0 796 796 796 796 796 796 820 820 820 820 820 820 0 0 0 0 0 0 0 0 0 0
0 0 0 0 0 0 0 0 0 0 0 0 0 0 0 0 0 0 0 0 0 0 0 0 0 0 0 0 0 0 0 0 0 0 0 0 0 0 0 0 0 0 0 0 0 0 0 0 0 707 707 707 707 707 707 0 0 0 0 0 0 0 0 0 0 0 0 0 0 0 0 0 0 0 796 796 796 796 796 796 820 820 820 820 820 820 0 0 0 0 0 0 0 0 0 0
0 0 0 0 0 0 0 0 0 0 0 0 0 0 0 0 0 0 0 0 0 0 0 0 0 0 0 0 0 0 0 0 0 0 0 0 0 0 0 0 0 0 0 0 0 0 0 0 0 707 707 707 707 707 707 0 0 0 0 0 0 0 0 0 0 0 0 0 0 0 0 0 0 0 796 796 796 796 796 796 820 820 820 820 820 820 0 0 0 0 0 0 0 0 0 0
0 0 0 0 0 0 0 0 0 0 0 0 0 0 0 0 0 0 0 0 0 0 0 0 0 0 0 0 0 0 0 0 0 0 0 0 0 0 0 0 0 0 0 0 0 0 0 0 0 707 707 707 707 707 707 0 0 0 0 0 0 0 0 0 0 0 0 0 0 0 0 0 0 0 796 796 796 796 796 796 820 820 820 820 820 820 0 0 0 0 0 0 0 0 0 0
0 0 0 0 0 0 0 0 0 0 0 0 0 0 0 0 0 0 0 0 0 0 0 0 0 0 0 0 0 0 0 0 0 0 0 0 0 0 0 0 0 0 0 0 0 0 0 0 0 0 707 707 707 707 0 0 0 0 0 0 0 0 0 0 0 0 0 0 0 0 0 0 0 0 0 796 796 796 796 0 0 820 820 820 820 0 0 0 0 0 0 0 0 0 0 0
0 0 0 0 0 0 0 0 0 0 0 0 0 0 0 0 0 0 0 0 0 0 0 0 0 0 0 0 0 0 0 0 0 0 0 0 0 0 0 0 0 0 0 0 0 0 0 0 0 0 0 707 0 0 0 0 0 0 0 0 0 0 0 0 0 0 0 0 0 0 0 0 0 0 0 0 796 0 0 0 0 0 0 0 0 0 0 0 0 0 0 0 0 0 0 0
0 0 0 0 0 0 0 0 0 0 0 0 0 0 0 0 0 0 0 0 0 0 0 0 0 0 0 0 0 0 0 0 0 0 0 0 0 0 0 0 0 0 0 0 0 0 0 0 0 0 0 0 0 0 0 0 0 0 0 0 0 0 0 0 0 0 0 0 0 0 0 0 0 0 0 0 0 0 0 0 0 0 0 0 0 0 0 0 0 0 0 0 0 0 0 0
0 0 0 0 0 0 0 0 0 0 0 0 0 0 0 0 0 0 0 0 0 0 0 0 0 0 0 0 0 0 0 0 0 0 0 0 0 0 0 0 0 0 0 0 0 0 0 0 0 0 0 0 0 0 0 0 0 0 0 0 0 0 0 0 0 0 0 0 0 0 0 0 0 0 0 0 0 0 0 0 0 0 0 0 0 0 0 0 0 0 0 0 0 0 0 0
0 0 0 0 0 0 0 0 0 0 0 0 0 0 0 0 0 0 0 0 0 0 0 0 0 0 0 0 0 0 0 0 0 0 0 0 0 0 0 0 0 0 0 0 0 0 0 0 0 0 0 0 0 0 0 0 0 0 0 0 0 0 0 0 0 0 0 0 0 0 0 0 0 0 0 0 0 0 0 0 0 0 0 0 0 0 0 0 0 0 0 0 0 0 0 0
0 0 0 0 0 0 0 0 0 0 0 0 0 0 0 0 0 0 0 0 0 0 0 0 0 0 0 0 0 0 0 0 0 0 0 0 0 0 0 0 0 0 0 0 0 0 0 0 0 0 0 0 0 0 0 0 0 0 0 0 0 0 0 0 0 0 0 0 0 0 0 0 0 0 0 0 0 0 0 0 0 0 0 0 0 0 0 0 0 0 0 0 0 0 0 0
0 0 0 0 0 0 0 0 0 0 0 0 0 0 0 0 0 0 0 0 0 0 0 0 0 0 0 0 0 0 0 0 0 0 0 0 0 0 0 0 0 0 0 0 0 0 0 0 0 0 0 0 0 0 0 0 0 0 0 0 0 0 0 0 0 0 0 0 0 0 0 0 0 0 0 0 0 0 0 0 0 0 0 0 0 0 0 0 0 0 0 0 0 0 0 0
