input/Helperscripts_for_Input/nws/nws_patch_id.asc
ncols         406
nrows         256
xllcorner     301413,09
yllcorner     5677998,2720308
cellsize      160
NODATA_value  -2
[rows 123 to 163 of 256, columns 182 to 272 of 406]
1399 1399 1399 1399 1399 1399 1446 1446 1446 1446 1446 1446 1493 1493 1493 1493 1493 1493 1540 1540 1540 1540 1540 1540 1587 1587 1587 1587 1587 1587 1587 1634 1634 1634 1634 1634 1634 1681 1681 1681 1681 1681 1681 1728 1728 1728 1728 1728 1728 1775 1775 1775 1775 1775 1775 1775 1822 1822 1822 1822 1822 1822 1869 1869 1869 1869 1869 1869 1916 1916 1916 1916 1916 1916 1963 1963 1963 1963 1963 1963 1963 2010 2010 2010 2010 2010 2010 2057 2057 2057 2057
1399 1399 1399 1399 1399 1422 1446 1446 1446 1446 1446 1469 1493 1493 1493 1493 1493 1493 1540 1540 1540 1540 1540 1540 1563 1587 1587 1587 1587 1587 1610 1634 1634 1634 1634 1634 1657 1681 1681 1681 1681 1681 1681 1728 1728 1728 1728 1728 1728 1751 1775 1775 1775 1775 1775 1798 1822 1822 1822 1822 1822 1845 1869 1869 1869 1869 1869 1869 1916 1916 1916 1916 1916 1916 1939 1963 1963 1963 1963 1963 1986 2010 2010 2010 2010 2010 2033 2057 2057 2057 2057
1375 1399 1399 1422 1422 1422 1422 1422 1446 1446 1469 1469 1469 1469 1493 1493 1516 1516 1516 1516 1540 1540 1563 1563 1563 1563 1587 1587 1610 1610 1610 1610 1610 1634 1634 1657 1657 1657 1657 1681 1681 1704 1704 1704 1704 1728 1728 1751 1751 1751 1751 1775 1775 1798 1798 1798 1798 1798 1822 1822 1845 1845 1845 1845 1869 1869 1892 1892 1892 1892 1916 1916 1939 1939 1939 1939 1963 1963 1986 1986 1986 1986 1986 2010 2010 2033 2033 2033 2033 2057 2057
1375 1375 1422 1422 1422 1422 1422 1422 1422 1469 1469 1469 1469 1469 1469 1516 1516 1516 1516 1516 1516 1563 1563 1563 1563 1563 1563 1610 1610 1610 1610 1610 1610 1610 1657 1657 1657 1657 1657 1657 1704 1704 1704 1704 1704 1704 1751 1751 1751 1751 1751 1751 1798 1798 1798 1798 1798 1798 1798 1845 1845 1845 1845 1845 1845 1892 1892 1892 1892 1892 1892 1939 1939 1939 1939 1939 1939 1986 1986 1986 1986 1986 1986 1986 2033 2033 2033 2033 2033 2033 2080
1375 1375 1422 1422 1422 1422 1422 1422 1422 1469 1469 1469 1469 1469 1469 1516 1516 1516 1516 1516 1516 1563 1563 1563 1563 1563 1563 1610 1610 1610 1610 1610 1610 1610 1657 1657 1657 1657 1657 1657 1704 1704 1704 1704 1704 1704 1751 1751 1751 1751 1751 1751 1798 1798 1798 1798 1798 1798 1798 1845 1845 1845 1845 1845 1845 1892 1892 1892 1892 1892 1892 1939 1939 1939 1939 1939 1939 1986 1986 1986 1986 1986 1986 1986 2033 2033 2033 2033 2033 2033 2080
1375 1375 1422 1422 1422 1422 1422 1422 1422 1469 1469 1469 1469 1469 1469 1516 1516 1516 1516 1516 1516 1563 1563 1563 1563 1563 1563 1610 1610 1610 1610 1610 1610 1610 1657 1657 1657 1657 1657 1657 1704 1704 1704 1704 1704 1704 1751 1751 1751 1751 1751 1751 1798 1798 1798 1798 1798 1798 1798 1845 1845 1845 1845 1845 1845 1892 1892 1892 1892 1892 1892 1939 1939 1939 1939 1939 1939 1986 1986 1986 1986 1986 1986 1986 2033 2033 2033 2033 2033 2033 2080
1375 1375 1422 1422 1422 1422 1422 1422 1422 1469 1469 1469 1469 1469 1469 1516 1516 1516 1516 1516 1516 1563 1563 1563 1563 1563 1563 1610 1610 1610 1610 1610 1610 1610 1657 1657 1657 1657 1657 1657 1704 1704 1704 1704 1704 1704 1751 1751 1751 1751 1751 1751 1798 1798 1798 1798 1798 1798 1798 1845 1845 1845 1845 1845 1845 1892 1892 1892 1892 1892 1892 1939 1939 1939 1939 1939 1939 1986 1986 1986 1986 1986 1986 1986 2033 2033 2033 2033 2033 2033 2080
1375 1398 1398 1398 1422 1422 1422 1445 1445 1445 1469 1469 1469 1492 1492 1492 1516 1516 1516 1516 1539 1539 1539 1563 1563 1563 1586 1586 1586 1610 1610 1610 1633 1633 1633 1657 1657 1657 1680 1680 1680 1704 1704 1704 1704 1727 1727 1727 1751 1751 1751 1774 1774 1774 1798 1798 1798 1821 1821 1821 1845 1845 1845 1868 1868 1868 1892 1892 1892 1892 1915 1915 1915 1939 1939 1939 1962 1962 1962 1986 1986 1986 2009 2009 2009 2033 2033 2033 2056 2056 2056
1398 1398 1398 1398 1398 1422 1445 1445 1445 1445 1445 1445 1492 1492 1492 1492 1492 1492 1539 1539 1539 1539 1539 1539 1586 1586 1586 1586 1586 1586 1610 1633 1633 1633 1633 1633 1633 1680 1680 1680 1680 1680 1680 1727 1727 1727 1727 1727 1727 1774 1774 1774 1774 1774 1774 1798 1821 1821 1821 1821 1821 1821 1868 1868 1868 1868 1868 1868 1915 1915 1915 1915 1915 1915 1962 1962 1962 1962 1962 1962 1986 2009 2009 2009 2009 2009 2009 2056 2056 2056 2056
1398 1398 1398 1398 1398 1398 1445 1445 1445 1445 1445 1445 1492 1492 1492 1492 1492 1492 1539 1539 1539 1539 1539 1539 1586 1586 1586 1586 1586 1586 1586 1633 1633 1633 1633 1633 1633 1680 1680 1680 1680 1680 1680 1727 1727 1727 1727 1727 1727 1774 1774 1774 1774 1774 1774 1774 1821 1821 1821 1821 1821 1821 1868 1868 1868 1868 1868 1868 1915 1915 1915 1915 1915 1915 1962 1962 1962 1962 1962 1962 1962 2009 2009 2009 2009 2009 2009 2056 2056 2056 2056
1398 1398 1398 1398 1398 1398 1445 1445 1445 1445 1445 1445 1492 1492 1492 1492 1492 1492 1539 1539 1539 1539 1539 1539 1586 1586 1586 1586 1586 1586 1586 1633 1633 1633 1633 1633 1633 1680 1680 1680 1680 1680 1680 1727 1727 1727 1727 1727 1727 1774 1774 1774 1774 1774 1774 1774 1821 1821 1821 1821 1821 1821 1868 1868 1868 1868 1868 1868 1915 1915 1915 1915 1915 1915 1962 1962 1962 1962 1962 1962 1962 2009 2009 2009 2009 2009 2009 2056 2056 2056 2056
1398 1398 1398 1398 1398 1398 1445 1445 1445 1445 1445 1445 1492 1492 1492 1492 1492 1492 1539 1539 1539 1539 1539 1539 1586 1586 1586 1586 1586 1586 1586 1633 1633 1633 1633 1633 1633 1680 1680 1680 1680 1680 1680 1727 1727 1727 1727 1727 1727 1774 1774 1774 1774 1774 1774 1774 1821 1821 1821 1821 1821 1821 1868 1868 1868 1868 1868 1868 1915 1915 1915 1915 1915 1915 1962 1962 1962 1962 1962 1962 1962 2009 2009 2009 2009 2009 2009 2056 2056 2056 2056
1398 1398 1398 1398 1398 1421 1445 1445 1445 1445 1445 1468 1492 1492 1492 1492 1492 1515 1515 1539 1539 1539 1539 1539 1562 1586 1586 1586 1586 1586 1609 1633 1633 1633 1633 1633 1656 1680 1680 1680 1680 1680 1703 1703 1727 1727 1727 1727 1727 1750 1774 1774 1774 1774 1774 1797 1821 1821 1821 1821 1821 1844 1868 1868 1868 1868 1868 1891 1891 1915 1915 1915 1915 1915 1938 1962 1962 1962 1962 1962 1985 2009 2009 2009 2009 2009 2032 2056 2056 2056 2056
1374 1374 1398 1421 1421 1421 1421 1421 1445 1468 1468 1468 1468 1468 1492 1492 1515 1515 1515 1515 1539 1539 1562 1562 1562 1562 1562 1586 1609 1609 1609 1609 1609 1633 1656 1656 1656 1656 1656 1680 1680 1703 1703 1703 1703 1727 1727 1750 1750 1750 1750 1750 1774 1797 1797 1797 1797 1797 1821 1844 1844 1844 1844 1844 1868 1868 1891 1891 1891 1891 1915 1915 1938 1938 1938 1938 1938 1962 1985 1985 1985 1985 1985 2009 2032 2032 2032 2032 2032 2056 2056
1374 1374 1421 1421 1421 1421 1421 1421 1421 1468 1468 1468 1468 1468 1468 1515 1515 1515 1515 1515 1515 1562 1562 1562 1562 1562 1562 1609 1609 1609 1609 1609 1609 1609 1656 1656 1656 1656 1656 1656 1703 1703 1703 1703 1703 1703 1750 1750 1750 1750 1750 1750 1797 1797 1797 1797 1797 1797 1797 1844 1844 1844 1844 1844 1844 1891 1891 1891 1891 1891 1891 1938 1938 1938 1938 1938 1938 1985 1985 1985 1985 1985 1985 1985 2032 2032 2032 2032 2032 2032 2079
1374 1374 1421 1421 1421 1421 1421 1421 1421 1468 1468 1468 1468 1468 1468 1515 1515 1515 1515 1515 1515 1562 1562 1562 1562 1562 1562 1609 1609 1609 1609 1609 1609 1609 1656 1656 1656 1656 1656 1656 1703 1703 1703 1703 1703 1703 1750 1750 1750 1750 1750 1750 1797 1797 1797 1797 1797 1797 1797 1844 1844 1844 1844 1844 1844 1891 1891 1891 1891 1891 1891 1938 1938 1938 1938 1938 1938 1985 1985 1985 1985 1985 1985 1985 2032 2032 2032 2032 2032 2032 2079
1374 1374 1421 1421 1421 1421 1421 1421 1421 1468 1468 1468 1468 1468 1468 1515 1515 1515 1515 1515 1515 1562 1562 1562 1562 1562 1562 1609 1609 1609 1609 1609 1609 1609 1656 1656 1656 1656 1656 1656 1703 1703 1703 1703 1703 1703 1750 1750 1750 1750 1750 1750 1797 1797 1797 1797 1797 1797 1797 1844 1844 1844 1844 1844 1844 1891 1891 1891 1891 1891 1891 1938 1938 1938 1938 1938 1938 1985 1985 1985 1985 1985 1985 1985 2032 2032 2032 2032 2032 2032 2079
1374 1374 1421 1421 1421 1421 1421 1421 1421 1468 1468 1468 1468 1468 1468 1515 1515 1515 1515 1515 1515 1562 1562 1562 1562 1562 1562 1609 1609 1609 1609 1609 1609 1609 1656 1656 1656 1656 1656 1656 1703 1703 1703 1703 1703 1703 1750 1750 1750 1750 1750 1750 1797 1797 1797 1797 1797 1797 1797 1844 1844 1844 1844 1844 1844 1891 1891 1891 1891 1891 1891 1938 1938 1938 1938 1938 1938 1985 1985 1985 1985 1985 1985 1985 2032 2032 2032 2032 2032 2032 2079
1374 1397 1397 1397 1421 1421 1421 1444 1444 1444 1468 1468 1468 1491 1491 1491 1491 1515 1515 1538 1538 1538 1538 1562 1562 1562 1585 1585 1585 1609 1609 1609 1632 1632 1632 1656 1656 1656 1679 1679 1679 1679 1703 1703 1726 1726 1726 1726 1750 1750 1750 1773 1773 1773 1797 1797 1797 1820 1820 1820 1844 1844 1844 1867 1867 1867 1867 1891 1891 1914 1914 1914 1914 1938 1938 1938 1961 1961 1961 1985 1985 1985 2008 2008 2008 2032 2032 2032 2055 2055 2055
1397 1397 1397 1397 1397 1397 1444 1444 1444 1444 1444 1444 1491 1491 1491 1491 1491 1491 1538 1538 1538 1538 1538 1538 1585 1585 1585 1585 1585 1585 1585 1632 1632 1632 1632 1632 1632 1679 1679 1679 1679 1679 1679 1726 1726 1726 1726 1726 1726 1773 1773 1773 1773 1773 1773 1773 1820 1820 1820 1820 1820 1820 1867 1867 1867 1867 1867 1867 1914 1914 1914 1914 1914 1914 1961 1961 1961 1961 1961 1961 1961 2008 2008 2008 2008 2008 2008 2055 2055 2055 2055
1397 1397 1397 1397 1397 1397 1444 1444 1444 1444 1444 1444 1491 1491 1491 1491 1491 1491 1538 1538 1538 1538 1538 1538 1585 1585 1585 1585 1585 1585 1585 1632 1632 1632 1632 1632 1632 1679 1679 1679 1679 1679 1679 1726 1726 1726 1726 1726 1726 1773 1773 1773 1773 1773 1773 1773 1820 1820 1820 1820 1820 1820 1867 1867 1867 1867 1867 1867 1914 1914 1914 1914 1914 1914 1961 1961 1961 1961 1961 1961 1961 2008 2008 2008 2008 2008 2008 2055 2055 2055 2055
1397 1397 1397 1397 1397 1397 1444 1444 1444 1444 1444 1444 1491 1491 1491 1491 1491 1491 1538 1538 1538 1538 1538 1538 1585 1585 1585 1585 1585 1585 1585 1632 1632 1632 1632 1632 1632 1679 1679 1679 1679 1679 1679 1726 1726 1726 1726 1726 1726 1773 1773 1773 1773 1773 1773 1773 1820 1820 1820 1820 1820 1820 1867 1867 1867 1867 1867 1867 1914 1914 1914 1914 1914 1914 1961 1961 1961 1961 1961 1961 1961 2008 2008 2008 2008 2008 2008 2055 2055 2055 2055
1397 1397 1397 1397 1397 1397 1444 1444 1444 1444 1444 1444 1491 1491 1491 1491 1491 1491 1538 1538 1538 1538 1538 1538 1585 1585 1585 1585 1585 1585 1585 1632 1632 1632 1632 1632 1632 1679 1679 1679 1679 1679 1679 1726 1726 1726 1726 1726 1726 1773 1773 1773 1773 1773 1773 1773 1820 1820 1820 1820 1820 1820 1867 1867 1867 1867 1867 1867 1914 1914 1914 1914 1914 1914 1961 1961 1961 1961 1961 1961 1961 2008 2008 2008 2008 2008 2008 2055 2055 2055 2055
1397 1397 1397 1397 1397 1420 1444 1444 1444 1444 1444 1467 1467 1491 1491 1491 1491 1514 1514 1538 1538 1538 1538 1561 1561 1585 1585 1585 1585 1585 1608 1632 1632 1632 1632 1632 1655 1655 1679 1679 1679 1679 1702 1702 1726 1726 1726 1726 1749 1749 1773 1773 1773 1773 1773 1796 1820 1820 1820 1820 1820 1843 1843 1867 1867 1867 1867 1890 1890 1914 1914 1914 1914 1937 1937 1961 1961 1961 1961 1961 1984 2008 2008 2008 2008 2008 2031 2031 2055 2055 2055
1373 1373 1397 1420 1420 1420 1420 1420 1444 1467 1467 1467 1467 1467 1491 1514 1514 1514 1514 1514 1514 1538 1561 1561 1561 1561 1561 1585 1608 1608 1608 1608 1608 1632 1655 1655 1655 1655 1655 1679 1702 1702 1702 1702 1702 1702 1726 1749 1749 1749 1749 1749 1773 1796 1796 1796 1796 1796 1820 1843 1843 1843 1843 1843 1867 1890 1890 1890 1890 1890 1890 1914 1937 1937 1937 1937 1937 1961 1984 1984 1984 1984 1984 2008 2031 2031 2031 2031 2031 2055 2078
1373 1373 1420 1420 1420 1420 1420 1420 1420 1467 1467 1467 1467 1467 1467 1514 1514 1514 1514 1514 1514 1561 1561 1561 1561 1561 1561 1608 1608 1608 1608 1608 1608 1608 1655 1655 1655 1655 1655 1655 1702 1702 1702 1702 1702 1702 1749 1749 1749 1749 1749 1749 1796 1796 1796 1796 1796 1796 1796 1843 1843 1843 1843 1843 1843 1890 1890 1890 1890 1890 1890 1937 1937 1937 1937 1937 1937 1984 1984 1984 1984 1984 1984 1984 2031 2031 2031 2031 2031 2031 2078
1373 1373 1420 1420 1420 1420 1420 1420 1420 1467 1467 1467 1467 1467 1467 1514 1514 1514 1514 1514 1514 1561 1561 1561 1561 1561 1561 1608 1608 1608 1608 1608 1608 1608 1655 1655 1655 1655 1655 1655 1702 1702 1702 1702 1702 1702 1749 1749 1749 1749 1749 1749 1796 1796 1796 1796 1796 1796 1796 1843 1843 1843 1843 1843 1843 1890 1890 1890 1890 1890 1890 1937 1937 1937 1937 1937 1937 1984 1984 1984 1984 1984 1984 1984 2031 2031 2031 2031 2031 2031 2078
1373 1373 1420 1420 1420 1420 1420 1420 1420 1467 1467 1467 1467 1467 1467 1514 1514 1514 1514 1514 1514 1561 1561 1561 1561 1561 1561 1608 1608 1608 1608 1608 1608 1608 1655 1655 1655 1655 1655 1655 1702 1702 1702 1702 1702 1702 1749 1749 1749 1749 1749 1749 1796 1796 1796 1796 1796 1796 1796 1843 1843 1843 1843 1843 1843 1890 1890 1890 1890 1890 1890 1937 1937 1937 1937 1937 1937 1984 1984 1984 1984 1984 1984 1984 2031 2031 2031 2031 2031 2031 2078
1373 1373 1396 1420 1420 1420 1420 1420 1443 1467 1467 1467 1467 1467 1467 1514 1514 1514 1514 1514 1514 1561 1561 1561 1561 1561 1561 1584 1608 1608 1608 1608 1608 1631 1655 1655 1655 1655 1655 1655 1702 1702 1702 1702 1702 1702 1749 1749 1749 1749 1749 1749 1772 1796 1796 1796 1796 1796 1819 1843 1843 1843 1843 1843 1843 1890 1890 1890 1890 1890 1890 1937 1937 1937 1937 1937 1937 1960 1984 1984 1984 1984 1984 2007 2031 2031 2031 2031 2031 2031 2078
1396 1396 1396 1396 1420 1420 1420 1443 1443 1443 1443 1467 1467 1490 1490 1490 1490 1514 1514 1537 1537 1537 1537 1561 1561 1584 1584 1584 1584 1608 1608 1608 1631 1631 1631 1631 1655 1655 1678 1678 1678 1678 1702 1702 1725 1725 1725 1725 1749 1749 1772 1772 1772 1772 1796 1796 1796 1819 1819 1819 1819 1843 1843 1866 1866 1866 1866 1890 1890 1913 1913 1913 1913 1937 1937 1960 1960 1960 1960 1984 1984 1984 2007 2007 2007 2007 2031 2031 2054 2054 2054
1396 1396 1396 1396 1396 1396 1443 1443 1443 1443 1443 1443 1490 1490 1490 1490 1490 1490 1537 1537 1537 1537 1537 1537 1584 1584 1584 1584 1584 1584 1584 1631 1631 1631 1631 1631 1631 1678 1678 1678 1678 1678 1678 1725 1725 1725 1725 1725 1725 1772 1772 1772 1772 1772 1772 1772 1819 1819 1819 1819 1819 1819 1866 1866 1866 1866 1866 1866 1913 1913 1913 1913 1913 1913 1960 1960 1960 1960 1960 1960 1960 2007 2007 2007 2007 2007 2007 2054 2054 2054 2054
1396 1396 1396 1396 1396 1396 1443 1443 1443 1443 1443 1443 1490 1490 1490 1490 1490 1490 1537 1537 1537 1537 1537 1537 1584 1584 1584 1584 1584 1584 1584 1631 1631 1631 1631 1631 1631 1678 1678 1678 1678 1678 1678 1725 1725 1725 1725 1725 1725 1772 1772 1772 1772 1772 1772 1772 1819 1819 1819 1819 1819 1819 1866 1866 1866 1866 1866 1866 1913 1913 1913 1913 1913 1913 1960 1960 1960 1960 1960 1960 1960 2007 2007 2007 2007 2007 2007 2054 2054 2054 2054
1396 1396 1396 1396 1396 1396 1443 1443 1443 1443 1443 1443 1490 1490 1490 1490 1490 1490 1537 1537 1537 1537 1537 1537 1584 1584 1584 1584 1584 1584 1584 1631 1631 1631 1631 1631 1631 1678 1678 1678 1678 1678 1678 1725 1725 1725 1725 1725 1725 1772 1772 1772 1772 1772 1772 1772 1819 1819 1819 1819 1819 1819 1866 1866 1866 1866 1866 1866 1913 1913 1913 1913 1913 1913 1960 1960 1960 1960 1960 1960 1960 2007 2007 2007 2007 2007 2007 2054 2054 2054 2054
1396 1396 1396 1396 1396 1396 1443 1443 1443 1443 1443 1443 1490 1490 1490 1490 1490 1490 1537 1537 1537 1537 1537 1537 1584 1584 1584 1584 1584 1584 1584 1631 1631 1631 1631 1631 1631 1678 1678 1678 1678 1678 1678 1725 1725 1725 1725 1725 1725 1772 1772 1772 1772 1772 1772 1772 1819 1819 1819 1819 1819 1819 1866 1866 1866 1866 1866 1866 1913 1913 1913 1913 1913 1913 1960 1960 1960 1960 1960 1960 1960 2007 2007 2007 2007 2007 2007 2054 2054 2054 2054
1372 1396 1396 1396 1419 1419 1419 1443 1443 1443 1466 1466 1466 1490 1490 1490 1490 1513 1513 1537 1537 1537 1537 1560 1560 1560 1584 1584 1584 1607 1607 1607 1631 1631 1631 1654 1654 1654 1678 1678 1678 1678 1701 1701 1725 1725 1725 1725 1748 1748 1748 1772 1772 1772 1795 1795 1795 1819 1819 1819 1842 1842 1842 1866 1866 1866 1866 1889 1889 1913 1913 1913 1913 1936 1936 1936 1960 1960 1960 1983 1983 1983 2007 2007 2007 2030 2030 2030 2054 2054 2054
1372 1372 1419 1419 1419 1419 1419 1419 1419 1466 1466 1466 1466 1466 1466 1513 1513 1513 1513 1513 1513 1560 1560 1560 1560 1560 1560 1607 1607 1607 1607 1607 1607 1607 1654 1654 1654 1654 1654 1654 1701 1701 1701 1701 1701 1701 1748 1748 1748 1748 1748 1748 1795 1795 1795 1795 1795 1795 1795 1842 1842 1842 1842 1842 1842 1889 1889 1889 1889 1889 1889 1936 1936 1936 1936 1936 1936 1983 1983 1983 1983 1983 1983 1983 2030 2030 2030 2030 2030 2030 2077
1372 1372 1419 1419 1419 1419 1419 1419 1419 1466 1466 1466 1466 1466 1466 1513 1513 1513 1513 1513 1513 1560 1560 1560 1560 1560 1560 1607 1607 1607 1607 1607 1607 1607 1654 1654 1654 1654 1654 1654 1701 1701 1701 1701 1701 1701 1748 1748 1748 1748 1748 1748 1795 1795 1795 1795 1795 1795 1795 1842 1842 1842 1842 1842 1842 1889 1889 1889 1889 1889 1889 1936 1936 1936 1936 1936 1936 1983 1983 1983 1983 1983 1983 1983 2030 2030 2030 2030 2030 2030 2077
1372 1372 1419 1419 1419 1419 1419 1419 1419 1466 1466 1466 1466 1466 1466 1513 1513 1513 1513 1513 1513 1560 1560 1560 1560 1560 1560 1607 1607 1607 1607 1607 1607 1607 1654 1654 1654 1654 1654 1654 1701 1701 1701 1701 1701 1701 1748 1748 1748 1748 1748 1748 1795 1795 1795 1795 1795 1795 1795 1842 1842 1842 1842 1842 1842 1889 1889 1889 1889 1889 1889 1936 1936 1936 1936 1936 1936 1983 1983 1983 1983 1983 1983 1983 2030 2030 2030 2030 2030 2030 2077
1372 1372 1419 1419 1419 1419 1419 1419 1419 1466 1466 1466 1466 1466 1466 1513 1513 1513 1513 1513 1513 1560 1560 1560 1560 1560 1560 1607 1607 1607 1607 1607 1607 1607 1654 1654 1654 1654 1654 1654 1701 1701 1701 1701 1701 1701 1748 1748 1748 1748 1748 1748 1795 1795 1795 1795 1795 1795 1795 1842 1842 1842 1842 1842 1842 1889 1889 1889 1889 1889 1889 1936 1936 1936 1936 1936 1936 1983 1983 1983 1983 1983 1983 1983 2030 2030 2030 2030 2030 2030 2077
1372 1372 1395 1419 1419 1419 1419 1419 1442 1466 1466 1466 1466 1466 1489 1513 1513 1513 1513 1513 1513 1536 1560 1560 1560 1560 1560 1583 1607 1607 1607 1607 1607 1630 1654 1654 1654 1654 1654 1677 1701 1701 1701 1701 1701 1701 1724 1748 1748 1748 1748 1748 1771 1795 1795 1795 1795 1795 1818 1842 1842 1842 1842 1842 1865 1889 1889 1889 1889 1889 1889 1912 1936 1936 1936 1936 1936 1959 1983 1983 1983 1983 1983 2006 2030 2030 2030 2030 2030 2053 2077
1395 1395 1395 1395 1395 1419 1442 1442 1442 1442 1442 1466 1466 1489 1489 1489 1489 1513 1513 1536 1536 1536 1536 1560 1560 1583 1583 1583 1583 1583 1607 1630 1630 1630 1630 1630 1654 1654 1677 1677 1677 1677 1701 1701 1724 1724 1724 1724 1748 1748 1771 1771 1771 1771 1771 1795 1818 1818 1818 1818 1818 1842 1842 1865 1865 1865 1865 1889 1889 1912 1912 1912 1912 1936 1936 1959 1959 1959 1959 1959 1983 2006 2006 2006 2006 2006 2030 2030 2053 2053 2053
