input/Helperscripts_for_Input/nws/nws_patch_id.asc
ncols         406
nrows         256
xllcorner     301413,09
yllcorner     5677998,2720308
cellsize      160
NODATA_value  -2
[rows 41 to 81 of 256, columns 0 to 90 of 406]
-2 -2 -2 -2 -2 -2 -2 -2 -2 -2 -2 -2 -2 -2 -2 -2 -2 -2 -2 -2 -2 -2 208 208 208 208 208 208 255 255 255 255 255 255 302 302 302 302 302 302 302 349 349 349 349 349 349 396 396 396 396 396 396 443 443 443 443 443 443 490 490 490 490 490 490 490 537 537 537 537 537 537 584 584 584 584 584 584 631 631 631 631 631 631 678 678 678 678 678 678 678
-2 -2 -2 -2 -2 -2 -2 -2 -2 -2 -2 -2 -2 -2 -2 -2 -2 -2 -2 -2 -2 -2 208 208 208 208 208 208 255 255 255 255 255 255 302 302 302 302 302 302 302 349 349 349 349 349 349 396 396 396 396 396 396 443 443 443 443 443 443 490 490 490 490 490 490 490 537 537 537 537 537 537 584 584 584 584 584 584 631 631 631 631 631 631 678 678 678 678 678 678 678
-2 -2 -2 -2 -2 -2 -2 -2 -2 -2 -2 -2 -2 -2 -2 -2 -2 -2 -2 -2 -2 184 184 208 208 208 208 231 231 255 255 255 255 255 278 302 302 302 302 302 325 349 349 349 349 349 372 372 396 396 396 396 419 419 443 443 443 443 443 466 490 490 490 490 490 513 537 537 537 537 537 560 560 584 584 584 584 607 607 631 631 631 631 631 654 678 678 678 678 678 701
-2 -2 -2 -2 -2 -2 -2 -2 -2 -2 -2 -2 -2 -2 -2 -2 -2 -2 -2 184 184 184 184 184 208 208 231 231 231 231 231 255 278 278 278 278 278 302 325 325 325 325 325 349 372 372 372 372 372 396 396 419 419 419 419 419 443 466 466 466 466 466 490 513 513 513 513 513 537 560 560 560 560 560 584 584 607 607 607 607 607 631 654 654 654 654 654 678 701 701 701
-2 -2 -2 -2 -2 -2 -2 -2 -2 -2 -2 -2 -2 -2 -2 -2 -2 -2 -2 184 184 184 184 184 184 231 231 231 231 231 231 278 278 278 278 278 278 278 325 325 325 325 325 325 372 372 372 372 372 372 419 419 419 419 419 419 466 466 466 466 466 466 466 513 513 513 513 513 513 560 560 560 560 560 560 607 607 607 607 607 607 654 654 654 654 654 654 654 701 701 701
-2 -2 -2 -2 -2 -2 -2 -2 -2 -2 -2 -2 -2 -2 -2 -2 -2 -2 -2 184 184 184 184 184 184 231 231 231 231 231 231 278 278 278 278 278 278 278 325 325 325 325 325 325 372 372 372 372 372 372 419 419 419 419 419 419 466 466 466 466 466 466 466 513 513 513 513 513 513 560 560 560 560 560 560 607 607 607 607 607 607 654 654 654 654 654 654 654 701 701 701
-2 -2 -2 -2 -2 -2 -2 -2 -2 -2 -2 -2 -2 -2 -2 -2 -2 -2 -2 184 184 184 184 184 184 231 231 231 231 231 231 278 278 278 278 278 278 278 325 325 325 325 325 325 372 372 372 372 372 372 419 419 419 419 419 419 466 466 466 466 466 466 466 513 513 513 513 513 513 560 560 560 560 560 560 607 607 607 607 607 607 654 654 654 654 654 654 654 701 701 701
-2 -2 -2 -2 -2 -2 -2 -2 -2 -2 -2 -2 -2 -2 -2 -2 -2 -2 -2 184 184 184 184 184 184 231 231 231 231 231 231 278 278 278 278 278 278 278 325 325 325 325 325 325 372 372 372 372 372 372 419 419 419 419 419 419 466 466 466 466 466 466 466 513 513 513 513 513 513 560 560 560 560 560 560 607 607 607 607 607 607 654 654 654 654 654 654 654 701 701 701
-2 -2 -2 -2 -2 -2 -2 -2 -2 -2 -2 -2 -2 -2 -2 -2 -2 -2 -2 -2 184 184 184 207 207 207 207 231 231 231 254 254 254 278 278 278 301 301 301 325 325 325 348 348 348 372 372 372 395 395 395 395 419 419 419 442 442 442 466 466 466 489 489 489 513 513 513 536 536 536 560 560 560 583 583 583 583 607 607 607 630 630 630 654 654 654 677 677 677 701 701
-2 -2 -2 -2 -2 -2 -2 -2 -2 -2 -2 -2 -2 -2 -2 -2 -2 -2 -2 -2 -2 -2 207 207 207 207 207 207 254 254 254 254 254 254 301 301 301 301 301 301 301 348 348 348 348 348 348 395 395 395 395 395 395 442 442 442 442 442 442 489 489 489 489 489 489 489 536 536 536 536 536 536 583 583 583 583 583 583 630 630 630 630 630 630 677 677 677 677 677 677 677
-2 -2 -2 -2 -2 -2 -2 -2 -2 -2 -2 -2 -2 -2 -2 -2 -2 -2 -2 -2 -2 -2 207 207 207 207 207 207 254 254 254 254 254 254 301 301 301 301 301 301 301 348 348 348 348 348 348 395 395 395 395 395 395 442 442 442 442 442 442 489 489 489 489 489 489 489 536 536 536 536 536 536 583 583 583 583 583 583 630 630 630 630 630 630 677 677 677 677 677 677 677
-2 -2 -2 -2 -2 -2 -2 -2 -2 -2 -2 -2 -2 -2 -2 -2 -2 -2 -2 -2 -2 -2 207 207 207 207 207 207 254 254 254 254 254 254 301 301 301 301 301 301 301 348 348 348 348 348 348 395 395 395 395 395 395 442 442 442 442 442 442 489 489 489 489 489 489 489 536 536 536 536 536 536 583 583 583 583 583 583 630 630 630 630 630 630 677 677 677 677 677 677 677
-2 -2 -2 -2 -2 -2 -2 -2 -2 -2 -2 -2 -2 -2 -2 -2 -2 -2 -2 -2 -2 -2 207 207 207 207 207 207 254 254 254 254 254 254 301 301 301 301 301 301 301 348 348 348 348 348 348 395 395 395 395 395 395 442 442 442 442 442 442 489 489 489 489 489 489 489 536 536 536 536 536 536 583 583 583 583 583 583 630 630 630 630 630 630 677 677 677 677 677 677 677
-2 -2 -2 -2 -2 -2 -2 -2 -2 -2 -2 -2 -2 -2 -2 -2 -2 -2 -2 -2 -2 183 183 207 207 207 207 230 230 254 254 254 254 277 277 301 301 301 301 301 324 324 348 348 348 348 371 371 395 395 395 395 418 418 442 442 442 442 465 465 489 489 489 489 489 512 512 536 536 536 536 559 559 583 583 583 583 606 606 630 630 630 630 653 653 677 677 677 677 677 700
-2 -2 -2 -2 -2 -2 -2 -2 -2 -2 -2 -2 -2 -2 -2 -2 -2 -2 -2 183 183 183 183 183 183 230 230 230 230 230 230 254 277 277 277 277 277 301 324 324 324 324 324 348 371 371 371 371 371 371 418 418 418 418 418 418 442 465 465 465 465 465 489 512 512 512 512 512 536 559 559 559 559 559 559 606 606 606 606 606 606 630 653 653 653 653 653 677 700 700 700
-2 -2 -2 -2 -2 -2 -2 -2 -2 -2 -2 -2 -2 -2 -2 -2 -2 -2 -2 183 183 183 183 183 183 230 230 230 230 230 230 277 277 277 277 277 277 277 324 324 324 324 324 324 371 371 371 371 371 371 418 418 418 418 418 418 465 465 465 465 465 465 465 512 512 512 512 512 512 559 559 559 559 559 559 606 606 606 606 606 606 653 653 653 653 653 653 653 700 700 700
-2 -2 -2 -2 -2 -2 -2 -2 -2 -2 -2 -2 -2 -2 -2 -2 -2 -2 -2 183 183 183 183 183 183 230 230 230 230 230 230 277 277 277 277 277 277 277 324 324 324 324 324 324 371 371 371 371 371 371 418 418 418 418 418 418 465 465 465 465 465 465 465 512 512 512 512 512 512 559 559 559 559 559 559 606 606 606 606 606 606 653 653 653 653 653 653 653 700 700 700
-2 -2 -2 -2 -2 -2 -2 -2 -2 -2 -2 -2 -2 -2 -2 -2 -2 -2 -2 183 183 183 183 183 183 230 230 230 230 230 230 277 277 277 277 277 277 277 324 324 324 324 324 324 371 371 371 371 371 371 418 418 418 418 418 418 465 465 465 465 465 465 465 512 512 512 512 512 512 559 559 559 559 559 559 606 606 606 606 606 606 653 653 653 653 653 653 653 700 700 700
-2 -2 -2 -2 -2 -2 -2 -2 -2 -2 -2 -2 -2 -2 -2 -2 -2 -2 -2 183 183 183 183 183 183 230 230 230 230 230 230 253 277 277 277 277 277 300 324 324 324 324 324 347 371 371 371 371 371 371 418 418 418 418 418 418 441 465 465 465 465 465 488 512 512 512 512 512 535 559 559 559 559 559 559 606 606 606 606 606 606 629 653 653 653 653 653 676 700 700 700
-2 -2 -2 -2 -2 -2 -2 -2 -2 -2 -2 -2 -2 -2 -2 -2 -2 -2 -2 -2 -2 183 183 206 206 206 206 230 230 253 253 253 253 277 277 300 300 300 300 300 324 324 347 347 347 347 371 371 394 394 394 394 418 418 441 441 441 441 465 465 488 488 488 488 488 512 512 535 535 535 535 559 559 582 582 582 582 606 606 629 629 629 629 653 653 676 676 676 676 676 700
-2 -2 -2 -2 -2 -2 -2 -2 -2 -2 -2 -2 -2 -2 -2 -2 -2 -2 -2 -2 -2 -2 206 206 206 206 206 206 253 253 253 253 253 253 300 300 300 300 300 300 300 347 347 347 347 347 347 394 394 394 394 394 394 441 441 441 441 441 441 488 488 488 488 488 488 488 535 535 535 535 535 535 582 582 582 582 582 582 629 629 629 629 629 629 676 676 676 676 676 676 676
-2 -2 -2 -2 -2 -2 -2 -2 -2 -2 -2 -2 -2 -2 -2 -2 -2 -2 -2 -2 -2 -2 206 206 206 206 206 206 253 253 253 253 253 253 300 300 300 300 300 300 300 347 347 347 347 347 347 394 394 394 394 394 394 441 441 441 441 441 441 488 488 488 488 488 488 488 535 535 535 535 535 535 582 582 582 582 582 582 629 629 629 629 629 629 676 676 676 676 676 676 676
-2 -2 -2 -2 -2 -2 -2 -2 -2 -2 -2 -2 -2 -2 -2 -2 -2 -2 -2 -2 -2 -2 206 206 206 206 206 206 253 253 253 253 253 253 300 300 300 300 300 300 300 347 347 347 347 347 347 394 394 394 394 394 394 441 441 441 441 441 441 488 488 488 488 488 488 488 535 535 535 535 535 535 582 582 582 582 582 582 629 629 629 629 629 629 676 676 676 676 676 676 676
-2 -2 -2 -2 -2 -2 -2 -2 -2 -2 -2 -2 -2 -2 -2 -2 -2 -2 -2 -2 -2 -2 206 206 206 206 206 206 253 253 253 253 253 253 300 300 300 300 300 300 300 347 347 347 347 347 347 394 394 394 394 394 394 441 441 441 441 441 441 488 488 488 488 488 488 488 535 535 535 535 535 535 582 582 582 582 582 582 629 629 629 629 629 629 676 676 676 676 676 676 676
-2 -2 -2 -2 -2 -2 -2 -2 -2 -2 -2 -2 -2 -2 -2 -2 -2 -2 -2 -2 -2 -2 -2 206 206 206 206 229 229 253 253 253 253 276 276 276 300 300 300 323 323 323 347 347 347 347 370 370 394 394 394 394 417 417 441 441 441 441 464 464 464 488 488 488 511 511 511 535 535 535 535 558 558 582 582 582 582 605 605 629 629 629 629 652 652 652 676 676 676 699 699
-2 -2 -2 -2 -2 -2 -2 -2 -2 -2 -2 -2 -2 -2 -2 -2 -2 -2 -2 -2 -2 -2 -2 -2 -2 229 229 229 229 229 229 276 276 276 276 276 276 300 323 323 323 323 323 323 370 370 370 370 370 370 417 417 417 417 417 417 464 464 464 464 464 464 488 511 511 511 511 511 511 558 558 558 558 558 558 605 605 605 605 605 605 652 652 652 652 652 652 676 699 699 699
-2 -2 -2 -2 -2 -2 -2 -2 -2 -2 -2 -2 -2 -2 -2 -2 -2 -2 -2 -2 -2 -2 -2 -2 -2 229 229 229 229 229 229 276 276 276 276 276 276 276 323 323 323 323 323 323 370 370 370 370 370 370 417 417 417 417 417 417 464 464 464 464 464 464 464 511 511 511 511 511 511 558 558 558 558 558 558 605 605 605 605 605 605 652 652 652 652 652 652 652 699 699 699
-2 -2 -2 -2 -2 -2 -2 -2 -2 -2 -2 -2 -2 -2 -2 -2 -2 -2 -2 -2 -2 -2 -2 -2 -2 229 229 229 229 229 229 276 276 276 276 276 276 276 323 323 323 323 323 323 370 370 370 370 370 370 417 417 417 417 417 417 464 464 464 464 464 464 464 511 511 511 511 511 511 558 558 558 558 558 558 605 605 605 605 605 605 652 652 652 652 652 652 652 699 699 699
-2 -2 -2 -2 -2 -2 -2 -2 -2 -2 -2 -2 -2 -2 -2 -2 -2 -2 -2 -2 -2 -2 -2 -2 -2 229 229 229 229 229 229 276 276 276 276 276 276 276 323 323 323 323 323 323 370 370 370 370 370 370 417 417 417 417 417 417 464 464 464 464 464 464 464 511 511 511 511 511 511 558 558 558 558 558 558 605 605 605 605 605 605 652 652 652 652 652 652 652 699 699 699
-2 -2 -2 -2 -2 -2 -2 -2 -2 -2 -2 -2 111 -2 -2 -2 -2 -2 158 -2 -2 -2 -2 -2 205 205 229 229 229 229 229 252 276 276 276 276 276 299 323 323 323 323 323 346 370 370 370 370 370 393 393 417 417 417 417 417 440 464 464 464 464 464 487 511 511 511 511 511 534 558 558 558 558 558 581 581 605 605 605 605 605 628 652 652 652 652 652 675 699 699 699
-2 -2 -2 -2 -2 -2 -2 -2 -2 -2 111 111 111 111 111 -2 158 158 158 158 158 -2 -2 205 205 205 205 229 229 252 252 252 252 252 276 299 299 299 299 299 323 346 346 346 346 346 370 370 393 393 393 393 417 417 440 440 440 440 440 464 487 487 487 487 487 511 534 534 534 534 534 558 558 581 581 581 581 605 605 628 628 628 628 628 652 675 675 675 675 675 699
-2 -2 -2 -2 -2 -2 -2 -2 -2 111 111 111 111 111 111 111 158 158 158 158 158 158 205 205 205 205 205 205 252 252 252 252 252 252 299 299 299 299 299 299 299 346 346 346 346 346 346 393 393 393 393 393 393 440 440 440 440 440 440 487 487 487 487 487 487 487 534 534 534 534 534 534 581 581 581 581 581 581 628 628 628 628 628 628 675 675 675 675 675 675 675
-2 -2 -2 -2 -2 -2 -2 -2 -2 111 111 111 111 111 111 111 158 158 158 158 158 158 205 205 205 205 205 205 252 252 252 252 252 252 299 299 299 299 299 299 299 346 346 346 346 346 346 393 393 393 393 393 393 440 440 440 440 440 440 487 487 487 487 487 487 487 534 534 534 534 534 534 581 581 581 581 581 581 628 628 628 628 628 628 675 675 675 675 675 675 675
-2 -2 -2 -2 -2 -2 -2 -2 -2 111 111 111 111 111 111 111 158 158 158 158 158 158 205 205 205 205 205 205 252 252 252 252 252 252 299 299 299 299 299 299 299 346 346 346 346 346 346 393 393 393 393 393 393 440 440 440 440 440 440 487 487 487 487 487 487 487 534 534 534 534 534 534 581 581 581 581 581 581 628 628 628 628 628 628 675 675 675 675 675 675 675
-2 -2 -2 -2 -2 -2 -2 -2 -2 111 111 111 111 111 111 111 158 158 158 158 158 158 205 205 205 205 205 205 252 252 252 252 252 252 299 299 299 299 299 299 299 346 346 346 346 346 346 393 393 393 393 393 393 440 440 440 440 440 440 487 487 487 487 487 487 487 534 534 534 534 534 534 581 581 581 581 581 581 628 628 628 628 628 628 675 675 675 675 675 675 675
-2 -2 -2 -2 -2 -2 -2 -2 -2 -2 -2 111 111 111 134 134 134 158 158 158 181 181 181 205 205 205 205 228 228 228 252 252 252 275 275 275 299 299 299 322 322 322 346 346 346 369 369 369 393 393 393 393 416 416 416 440 440 440 463 463 463 487 487 487 510 510 510 534 534 534 557 557 557 581 581 581 581 604 604 604 628 628 628 651 651 651 675 675 675 698 698
-2 -2 -2 -2 -2 -2 -2 -2 -2 -2 -2 -2 134 134 134 134 134 134 134 181 181 181 181 181 181 228 228 228 228 228 228 275 275 275 275 275 275 275 322 322 322 322 322 322 369 369 369 369 369 369 416 416 416 416 416 416 463 463 463 463 463 463 463 510 510 510 510 510 510 557 557 557 557 557 557 604 604 604 604 604 604 651 651 651 651 651 651 651 698 698 698
-2 -2 -2 -2 -2 -2 -2 -2 -2 -2 -2 -2 134 134 134 134 134 134 134 181 181 181 181 181 181 228 228 228 228 228 228 275 275 275 275 275 275 275 322 322 322 322 322 322 369 369 369 369 369 369 416 416 416 416 416 416 463 463 463 463 463 463 463 510 510 510 510 510 510 557 557 557 557 557 557 604 604 604 604 604 604 651 651 651 651 651 651 651 698 698 698
-2 -2 -2 -2 -2 -2 -2 -2 -2 -2 -2 -2 134 134 134 134 134 134 134 181 181 181 181 181 181 228 228 228 228 228 228 275 275 275 275 275 275 275 322 322 322 322 322 322 369 369 369 369 369 369 416 416 416 416 416 416 463 463 463 463 463 463 463 510 510 510 510 510 510 557 557 557 557 557 557 604 604 604 604 604 604 651 651 651 651 651 651 651 698 698 698
-2 -2 -2 -2 -2 -2 -2 -2 -2 -2 -2 -2 134 134 134 134 134 134 134 181 181 181 181 181 181 228 228 228 228 228 228 275 275 275 275 275 275 275 322 322 322 322 322 322 369 369 369 369 369 369 416 416 416 416 416 416 463 463 463 463 463 463 463 510 510 510 510 510 510 557 557 557 557 557 557 604 604 604 604 604 604 651 651 651 651 651 651 651 698 698 698
-2 -2 -2 -2 -2 63 63 -2 -2 -2 -2 -2 110 134 134 134 134 134 157 157 181 181 181 181 204 204 228 228 228 228 251 251 275 275 275 275 275 298 322 322 322 322 322 345 345 369 369 369 369 392 392 416 416 416 416 439 439 463 463 463 463 463 486 510 510 510 510 510 533 533 557 557 557 557 580 580 604 604 604 604 627 627 651 651 651 651 651 674 698 698 698
