input/Helperscripts_for_Input/nws/nws_patch_id.asc
ncols         406
nrows         256
xllcorner     301413,09
yllcorner     5677998,2720308
cellsize      160
NODATA_value  -2
[rows 123 to 163 of 256, columns 273 to 363 of 406]
2057 2057 2104 2104 2104 2104 2104 2104 2151 2151 2151 2151 2151 2151 2151 2198 2198 2198 2198 2198 2198 2245 2245 2245 2245 2245 2245 2292 2292 2292 2292 2292 2292 2339 2339 2339 2339 2339 2339 2339 2386 2386 2386 2386 2386 2386 2433 2433 2433 2433 2433 2433 2480 2480 2480 2480 2480 2480 2527 2527 2527 2527 2527 2527 2527 2574 2574 2574 2574 2574 2574 2621 2621 2621 2621 2621 2621 2668 2668 2668 2668 2668 2668 2715 2715 2715 2715 2715 2715 2715 2762
2057 2057 2104 2104 2104 2104 2104 2104 2127 2151 2151 2151 2151 2151 2174 2198 2198 2198 2198 2198 2221 2245 2245 2245 2245 2245 2245 2292 2292 2292 2292 2292 2292 2315 2339 2339 2339 2339 2339 2362 2386 2386 2386 2386 2386 2409 2433 2433 2433 2433 2433 2433 2480 2480 2480 2480 2480 2480 2503 2527 2527 2527 2527 2527 2550 2574 2574 2574 2574 2574 2597 2621 2621 2621 2621 2621 2621 2668 2668 2668 2668 2668 2668 2691 2715 2715 2715 2715 2715 2738 2762
2080 2080 2080 2080 2104 2104 2127 2127 2127 2127 2151 2151 2174 2174 2174 2174 2174 2198 2198 2221 2221 2221 2221 2245 2245 2268 2268 2268 2268 2292 2292 2315 2315 2315 2315 2339 2339 2362 2362 2362 2362 2362 2386 2386 2409 2409 2409 2409 2433 2433 2456 2456 2456 2456 2480 2480 2503 2503 2503 2503 2527 2527 2550 2550 2550 2550 2550 2574 2574 2597 2597 2597 2597 2621 2621 2644 2644 2644 2644 2668 2668 2691 2691 2691 2691 2715 2715 2738 2738 2738 2738
2080 2080 2080 2080 2080 2127 2127 2127 2127 2127 2127 2174 2174 2174 2174 2174 2174 2174 2221 2221 2221 2221 2221 2221 2268 2268 2268 2268 2268 2268 2315 2315 2315 2315 2315 2315 2362 2362 2362 2362 2362 2362 2362 2409 2409 2409 2409 2409 2409 2456 2456 2456 2456 2456 2456 2503 2503 2503 2503 2503 2503 2550 2550 2550 2550 2550 2550 2550 2597 2597 2597 2597 2597 2597 2644 2644 2644 2644 2644 2644 2691 2691 2691 2691 2691 2691 2738 2738 2738 2738 2738
2080 2080 2080 2080 2080 2127 2127 2127 2127 2127 2127 2174 2174 2174 2174 2174 2174 2174 2221 2221 2221 2221 2221 2221 2268 2268 2268 2268 2268 2268 2315 2315 2315 2315 2315 2315 2362 2362 2362 2362 2362 2362 2362 2409 2409 2409 2409 2409 2409 2456 2456 2456 2456 2456 2456 2503 2503 2503 2503 2503 2503 2550 2550 2550 2550 2550 2550 2550 2597 2597 2597 2597 2597 2597 2644 2644 2644 2644 2644 2644 2691 2691 2691 2691 2691 2691 2738 2738 2738 2738 2738
2080 2080 2080 2080 2080 2127 2127 2127 2127 2127 2127 2174 2174 2174 2174 2174 2174 2174 2221 2221 2221 2221 2221 2221 2268 2268 2268 2268 2268 2268 2315 2315 2315 2315 2315 2315 2362 2362 2362 2362 2362 2362 2362 2409 2409 2409 2409 2409 2409 2456 2456 2456 2456 2456 2456 2503 2503 2503 2503 2503 2503 2550 2550 2550 2550 2550 2550 2550 2597 2597 2597 2597 2597 2597 2644 2644 2644 2644 2644 2644 2691 2691 2691 2691 2691 2691 2738 2738 2738 2738 2738
2080 2080 2080 2080 2080 2127 2127 2127 2127 2127 2127 2174 2174 2174 2174 2174 2174 2174 2221 2221 2221 2221 2221 2221 2268 2268 2268 2268 2268 2268 2315 2315 2315 2315 2315 2315 2362 2362 2362 2362 2362 2362 2362 2409 2409 2409 2409 2409 2409 2456 2456 2456 2456 2456 2456 2503 2503 2503 2503 2503 2503 2550 2550 2550 2550 2550 2550 2550 2597 2597 2597 2597 2597 2597 2644 2644 2644 2644 2644 2644 2691 2691 2691 2691 2691 2691 2738 2738 2738 2738 2738
2080 2080 2080 2080 2103 2103 2103 2127 2127 2127 2150 2150 2150 2174 2174 2174 2197 2197 2197 2221 2221 2221 2244 2244 2244 2268 2268 2268 2268 2291 2291 2291 2315 2315 2315 2338 2338 2338 2362 2362 2362 2385 2385 2385 2409 2409 2409 2432 2432 2432 2456 2456 2456 2456 2479 2479 2479 2503 2503 2503 2526 2526 2526 2550 2550 2550 2573 2573 2573 2597 2597 2597 2620 2620 2620 2644 2644 2644 2644 2667 2667 2667 2691 2691 2691 2714 2714 2714 2738 2738 2738
2056 2056 2103 2103 2103 2103 2103 2103 2150 2150 2150 2150 2150 2150 2174 2197 2197 2197 2197 2197 2197 2244 2244 2244 2244 2244 2244 2291 2291 2291 2291 2291 2291 2338 2338 2338 2338 2338 2338 2362 2385 2385 2385 2385 2385 2385 2432 2432 2432 2432 2432 2432 2479 2479 2479 2479 2479 2479 2526 2526 2526 2526 2526 2526 2550 2573 2573 2573 2573 2573 2573 2620 2620 2620 2620 2620 2620 2667 2667 2667 2667 2667 2667 2714 2714 2714 2714 2714 2714 2738 2761
2056 2056 2103 2103 2103 2103 2103 2103 2150 2150 2150 2150 2150 2150 2150 2197 2197 2197 2197 2197 2197 2244 2244 2244 2244 2244 2244 2291 2291 2291 2291 2291 2291 2338 2338 2338 2338 2338 2338 2338 2385 2385 2385 2385 2385 2385 2432 2432 2432 2432 2432 2432 2479 2479 2479 2479 2479 2479 2526 2526 2526 2526 2526 2526 2526 2573 2573 2573 2573 2573 2573 2620 2620 2620 2620 2620 2620 2667 2667 2667 2667 2667 2667 2714 2714 2714 2714 2714 2714 2714 2761
2056 2056 2103 2103 2103 2103 2103 2103 2150 2150 2150 2150 2150 2150 2150 2197 2197 2197 2197 2197 2197 2244 2244 2244 2244 2244 2244 2291 2291 2291 2291 2291 2291 2338 2338 2338 2338 2338 2338 2338 2385 2385 2385 2385 2385 2385 2432 2432 2432 2432 2432 2432 2479 2479 2479 2479 2479 2479 2526 2526 2526 2526 2526 2526 2526 2573 2573 2573 2573 2573 2573 2620 2620 2620 2620 2620 2620 2667 2667 2667 2667 2667 2667 2714 2714 2714 2714 2714 2714 2714 2761
2056 2056 2103 2103 2103 2103 2103 2103 2150 2150 2150 2150 2150 2150 2150 2197 2197 2197 2197 2197 2197 2244 2244 2244 2244 2244 2244 2291 2291 2291 2291 2291 2291 2338 2338 2338 2338 2338 2338 2338 2385 2385 2385 2385 2385 2385 2432 2432 2432 2432 2432 2432 2479 2479 2479 2479 2479 2479 2526 2526 2526 2526 2526 2526 2526 2573 2573 2573 2573 2573 2573 2620 2620 2620 2620 2620 2620 2667 2667 2667 2667 2667 2667 2714 2714 2714 2714 2714 2714 2714 2761
2056 2079 2079 2103 2103 2103 2103 2103 2126 2150 2150 2150 2150 2150 2173 2197 2197 2197 2197 2197 2220 2244 2244 2244 2244 2244 2267 2267 2291 2291 2291 2291 2291 2314 2338 2338 2338 2338 2338 2361 2385 2385 2385 2385 2385 2408 2432 2432 2432 2432 2432 2455 2455 2479 2479 2479 2479 2479 2502 2526 2526 2526 2526 2526 2549 2573 2573 2573 2573 2573 2596 2620 2620 2620 2620 2620 2643 2643 2667 2667 2667 2667 2667 2690 2714 2714 2714 2714 2714 2737 2761
2079 2079 2079 2079 2103 2103 2126 2126 2126 2126 2126 2150 2173 2173 2173 2173 2173 2197 2220 2220 2220 2220 2220 2244 2244 2267 2267 2267 2267 2291 2291 2314 2314 2314 2314 2314 2338 2361 2361 2361 2361 2361 2385 2408 2408 2408 2408 2408 2432 2432 2455 2455 2455 2455 2479 2479 2502 2502 2502 2502 2502 2526 2549 2549 2549 2549 2549 2573 2596 2596 2596 2596 2596 2620 2620 2643 2643 2643 2643 2667 2667 2690 2690 2690 2690 2690 2714 2737 2737 2737 2737
2079 2079 2079 2079 2079 2126 2126 2126 2126 2126 2126 2173 2173 2173 2173 2173 2173 2173 2220 2220 2220 2220 2220 2220 2267 2267 2267 2267 2267 2267 2314 2314 2314 2314 2314 2314 2361 2361 2361 2361 2361 2361 2361 2408 2408 2408 2408 2408 2408 2455 2455 2455 2455 2455 2455 2502 2502 2502 2502 2502 2502 2549 2549 2549 2549 2549 2549 2549 2596 2596 2596 2596 2596 2596 2643 2643 2643 2643 2643 2643 2690 2690 2690 2690 2690 2690 2737 2737 2737 2737 2737
2079 2079 2079 2079 2079 2126 2126 2126 2126 2126 2126 2173 2173 2173 2173 2173 2173 2173 2220 2220 2220 2220 2220 2220 2267 2267 2267 2267 2267 2267 2314 2314 2314 2314 2314 2314 2361 2361 2361 2361 2361 2361 2361 2408 2408 2408 2408 2408 2408 2455 2455 2455 2455 2455 2455 2502 2502 2502 2502 2502 2502 2549 2549 2549 2549 2549 2549 2549 2596 2596 2596 2596 2596 2596 2643 2643 2643 2643 2643 2643 2690 2690 2690 2690 2690 2690 2737 2737 2737 2737 2737
2079 2079 2079 2079 2079 2126 2126 2126 2126 2126 2126 2173 2173 2173 2173 2173 2173 2173 2220 2220 2220 2220 2220 2220 2267 2267 2267 2267 2267 2267 2314 2314 2314 2314 2314 2314 2361 2361 2361 2361 2361 2361 2361 2408 2408 2408 2408 2408 2408 2455 2455 2455 2455 2455 2455 2502 2502 2502 2502 2502 2502 2549 2549 2549 2549 2549 2549 2549 2596 2596 2596 2596 2596 2596 2643 2643 2643 2643 2643 2643 2690 2690 2690 2690 2690 2690 2737 2737 2737 2737 2737
2079 2079 2079 2079 2079 2126 2126 2126 2126 2126 2126 2173 2173 2173 2173 2173 2173 2173 2220 2220 2220 2220 2220 2220 2267 2267 2267 2267 2267 2267 2314 2314 2314 2314 2314 2314 2361 2361 2361 2361 2361 2361 2361 2408 2408 2408 2408 2408 2408 2455 2455 2455 2455 2455 2455 2502 2502 2502 2502 2502 2502 2549 2549 2549 2549 2549 2549 2549 2596 2596 2596 2596 2596 2596 2643 2643 2643 2643 2643 2643 2690 2690 2690 2690 2690 2690 2737 2737 2737 2737 2737
2055 2079 2079 2102 2102 2102 2102 2126 2126 2126 2149 2149 2149 2173 2173 2173 2196 2196 2196 2220 2220 2220 2243 2243 2243 2243 2267 2267 2290 2290 2290 2290 2314 2314 2314 2337 2337 2337 2361 2361 2361 2384 2384 2384 2408 2408 2408 2431 2431 2431 2431 2455 2455 2478 2478 2478 2478 2502 2502 2502 2525 2525 2525 2549 2549 2549 2572 2572 2572 2596 2596 2596 2619 2619 2619 2619 2643 2643 2666 2666 2666 2666 2690 2690 2690 2713 2713 2713 2737 2737 2737
2055 2055 2102 2102 2102 2102 2102 2102 2149 2149 2149 2149 2149 2149 2149 2196 2196 2196 2196 2196 2196 2243 2243 2243 2243 2243 2243 2290 2290 2290 2290 2290 2290 2337 2337 2337 2337 2337 2337 2337 2384 2384 2384 2384 2384 2384 2431 2431 2431 2431 2431 2431 2478 2478 2478 2478 2478 2478 2525 2525 2525 2525 2525 2525 2525 2572 2572 2572 2572 2572 2572 2619 2619 2619 2619 2619 2619 2666 2666 2666 2666 2666 2666 2713 2713 2713 2713 2713 2713 2713 2760
2055 2055 2102 2102 2102 2102 2102 2102 2149 2149 2149 2149 2149 2149 2149 2196 2196 2196 2196 2196 2196 2243 2243 2243 2243 2243 2243 2290 2290 2290 2290 2290 2290 2337 2337 2337 2337 2337 2337 2337 2384 2384 2384 2384 2384 2384 2431 2431 2431 2431 2431 2431 2478 2478 2478 2478 2478 2478 2525 2525 2525 2525 2525 2525 2525 2572 2572 2572 2572 2572 2572 2619 2619 2619 2619 2619 2619 2666 2666 2666 2666 2666 2666 2713 2713 2713 2713 2713 2713 2713 2760
2055 2055 2102 2102 2102 2102 2102 2102 2149 2149 2149 2149 2149 2149 2149 2196 2196 2196 2196 2196 2196 2243 2243 2243 2243 2243 2243 2290 2290 2290 2290 2290 2290 2337 2337 2337 2337 2337 2337 2337 2384 2384 2384 2384 2384 2384 2431 2431 2431 2431 2431 2431 2478 2478 2478 2478 2478 2478 2525 2525 2525 2525 2525 2525 2525 2572 2572 2572 2572 2572 2572 2619 2619 2619 2619 2619 2619 2666 2666 2666 2666 2666 2666 2713 2713 2713 2713 2713 2713 2713 2760
2055 2055 2102 2102 2102 2102 2102 2102 2149 2149 2149 2149 2149 2149 2149 2196 2196 2196 2196 2196 2196 2243 2243 2243 2243 2243 2243 2290 2290 2290 2290 2290 2290 2337 2337 2337 2337 2337 2337 2337 2384 2384 2384 2384 2384 2384 2431 2431 2431 2431 2431 2431 2478 2478 2478 2478 2478 2478 2525 2525 2525 2525 2525 2525 2525 2572 2572 2572 2572 2572 2572 2619 2619 2619 2619 2619 2619 2666 2666 2666 2666 2666 2666 2713 2713 2713 2713 2713 2713 2713 2760
2055 2078 2078 2102 2102 2102 2102 2125 2125 2149 2149 2149 2149 2149 2172 2196 2196 2196 2196 2196 2219 2219 2243 2243 2243 2243 2266 2266 2290 2290 2290 2290 2313 2313 2337 2337 2337 2337 2337 2360 2384 2384 2384 2384 2384 2407 2407 2431 2431 2431 2431 2454 2454 2478 2478 2478 2478 2501 2501 2525 2525 2525 2525 2525 2548 2572 2572 2572 2572 2572 2595 2595 2619 2619 2619 2619 2642 2642 2666 2666 2666 2666 2689 2689 2713 2713 2713 2713 2713 2736 2760
2078 2078 2078 2078 2078 2102 2125 2125 2125 2125 2125 2149 2172 2172 2172 2172 2172 2196 2219 2219 2219 2219 2219 2243 2266 2266 2266 2266 2266 2266 2290 2313 2313 2313 2313 2313 2337 2360 2360 2360 2360 2360 2384 2407 2407 2407 2407 2407 2431 2454 2454 2454 2454 2454 2454 2478 2501 2501 2501 2501 2501 2525 2548 2548 2548 2548 2548 2572 2595 2595 2595 2595 2595 2619 2642 2642 2642 2642 2642 2642 2666 2689 2689 2689 2689 2689 2713 2736 2736 2736 2736
2078 2078 2078 2078 2078 2125 2125 2125 2125 2125 2125 2172 2172 2172 2172 2172 2172 2172 2219 2219 2219 2219 2219 2219 2266 2266 2266 2266 2266 2266 2313 2313 2313 2313 2313 2313 2360 2360 2360 2360 2360 2360 2360 2407 2407 2407 2407 2407 2407 2454 2454 2454 2454 2454 2454 2501 2501 2501 2501 2501 2501 2548 2548 2548 2548 2548 2548 2548 2595 2595 2595 2595 2595 2595 2642 2642 2642 2642 2642 2642 2689 2689 2689 2689 2689 2689 2736 2736 2736 2736 2736
2078 2078 2078 2078 2078 2125 2125 2125 2125 2125 2125 2172 2172 2172 2172 2172 2172 2172 2219 2219 2219 2219 2219 2219 2266 2266 2266 2266 2266 2266 2313 2313 2313 2313 2313 2313 2360 2360 2360 2360 2360 2360 2360 2407 2407 2407 2407 2407 2407 2454 2454 2454 2454 2454 2454 2501 2501 2501 2501 2501 2501 2548 2548 2548 2548 2548 2548 2548 2595 2595 2595 2595 2595 2595 2642 2642 2642 2642 2642 2642 2689 2689 2689 2689 2689 2689 2736 2736 2736 2736 2736
2078 2078 2078 2078 2078 2125 2125 2125 2125 2125 2125 2172 2172 2172 2172 2172 2172 2172 2219 2219 2219 2219 2219 2219 2266 2266 2266 2266 2266 2266 2313 2313 2313 2313 2313 2313 2360 2360 2360 2360 2360 2360 2360 2407 2407 2407 2407 2407 2407 2454 2454 2454 2454 2454 2454 2501 2501 2501 2501 2501 2501 2548 2548 2548 2548 2548 2548 2548 2595 2595 2595 2595 2595 2595 2642 2642 2642 2642 2642 2642 2689 2689 2689 2689 2689 2689 2736 2736 2736 2736 2736
2078 2078 2078 2078 2078 2125 2125 2125 2125 2125 2125 2148 2172 2172 2172 2172 2172 2195 2219 2219 2219 2219 2219 2219 2266 2266 2266 2266 2266 2266 2313 2313 2313 2313 2313 2313 2336 2360 2360 2360 2360 2360 2383 2407 2407 2407 2407 2407 2407 2454 2454 2454 2454 2454 2454 2501 2501 2501 2501 2501 2501 2524 2548 2548 2548 2548 2548 2571 2595 2595 2595 2595 2595 2595 2642 2642 2642 2642 2642 2642 2689 2689 2689 2689 2689 2689 2712 2736 2736 2736 2736
2054 2078 2078 2101 2101 2101 2101 2125 2125 2148 2148 2148 2148 2172 2172 2172 2195 2195 2195 2195 2219 2219 2242 2242 2242 2242 2266 2266 2289 2289 2289 2289 2313 2313 2336 2336 2336 2336 2360 2360 2360 2383 2383 2383 2383 2407 2407 2430 2430 2430 2430 2454 2454 2477 2477 2477 2477 2501 2501 2524 2524 2524 2524 2548 2548 2548 2571 2571 2571 2571 2595 2595 2618 2618 2618 2618 2642 2642 2665 2665 2665 2665 2689 2689 2712 2712 2712 2712 2736 2736 2736
2054 2054 2101 2101 2101 2101 2101 2101 2148 2148 2148 2148 2148 2148 2148 2195 2195 2195 2195 2195 2195 2242 2242 2242 2242 2242 2242 2289 2289 2289 2289 2289 2289 2336 2336 2336 2336 2336 2336 2336 2383 2383 2383 2383 2383 2383 2430 2430 2430 2430 2430 2430 2477 2477 2477 2477 2477 2477 2524 2524 2524 2524 2524 2524 2524 2571 2571 2571 2571 2571 2571 2618 2618 2618 2618 2618 2618 2665 2665 2665 2665 2665 2665 2712 2712 2712 2712 2712 2712 2712 2759
2054 2054 2101 2101 2101 2101 2101 2101 2148 2148 2148 2148 2148 2148 2148 2195 2195 2195 2195 2195 2195 2242 2242 2242 2242 2242 2242 2289 2289 2289 2289 2289 2289 2336 2336 2336 2336 2336 2336 2336 2383 2383 2383 2383 2383 2383 2430 2430 2430 2430 2430 2430 2477 2477 2477 2477 2477 2477 2524 2524 2524 2524 2524 2524 2524 2571 2571 2571 2571 2571 2571 2618 2618 2618 2618 2618 2618 2665 2665 2665 2665 2665 2665 2712 2712 2712 2712 2712 2712 2712 2759
2054 2054 2101 2101 2101 2101 2101 2101 2148 2148 2148 2148 2148 2148 2148 2195 2195 2195 2195 2195 2195 2242 2242 2242 2242 2242 2242 2289 2289 2289 2289 2289 2289 2336 2336 2336 2336 2336 2336 2336 2383 2383 2383 2383 2383 2383 2430 2430 2430 2430 2430 2430 2477 2477 2477 2477 2477 2477 2524 2524 2524 2524 2524 2524 2524 2571 2571 2571 2571 2571 2571 2618 2618 2618 2618 2618 2618 2665 2665 2665 2665 2665 2665 2712 2712 2712 2712 2712 2712 2712 2759
2054 2054 2101 2101 2101 2101 2101 2101 2148 2148 2148 2148 2148 2148 2148 2195 2195 2195 2195 2195 2195 2242 2242 2242 2242 2242 2242 2289 2289 2289 2289 2289 2289 2336 2336 2336 2336 2336 2336 2336 2383 2383 2383 2383 2383 2383 2430 2430 2430 2430 2430 2430 2477 2477 2477 2477 2477 2477 2524 2524 2524 2524 2524 2524 2524 2571 2571 2571 2571 2571 2571 2618 2618 2618 2618 2618 2618 2665 2665 2665 2665 2665 2665 2712 2712 2712 2712 2712 2712 2712 2759
2054 2077 2077 2101 2101 2101 2101 2124 2124 2124 2148 2148 2148 2171 2171 2171 2195 2195 2195 2218 2218 2218 2242 2242 2242 2242 2265 2265 2289 2289 2289 2289 2312 2312 2312 2336 2336 2336 2359 2359 2359 2383 2383 2383 2406 2406 2406 2430 2430 2430 2430 2453 2453 2477 2477 2477 2477 2500 2500 2500 2524 2524 2524 2547 2547 2547 2571 2571 2571 2594 2594 2594 2618 2618 2618 2618 2641 2641 2665 2665 2665 2665 2688 2688 2688 2712 2712 2712 2735 2735 2735
2077 2077 2077 2077 2077 2124 2124 2124 2124 2124 2124 2171 2171 2171 2171 2171 2171 2171 2218 2218 2218 2218 2218 2218 2265 2265 2265 2265 2265 2265 2312 2312 2312 2312 2312 2312 2359 2359 2359 2359 2359 2359 2359 2406 2406 2406 2406 2406 2406 2453 2453 2453 2453 2453 2453 2500 2500 2500 2500 2500 2500 2547 2547 2547 2547 2547 2547 2547 2594 2594 2594 2594 2594 2594 2641 2641 2641 2641 2641 2641 2688 2688 2688 2688 2688 2688 2735 2735 2735 2735 2735
2077 2077 2077 2077 2077 2124 2124 2124 2124 2124 2124 2171 2171 2171 2171 2171 2171 2171 2218 2218 2218 2218 2218 2218 2265 2265 2265 2265 2265 2265 2312 2312 2312 2312 2312 2312 2359 2359 2359 2359 2359 2359 2359 2406 2406 2406 2406 2406 2406 2453 2453 2453 2453 2453 2453 2500 2500 2500 2500 2500 2500 2547 2547 2547 2547 2547 2547 2547 2594 2594 2594 2594 2594 2594 2641 2641 2641 2641 2641 2641 2688 2688 2688 2688 2688 2688 2735 2735 2735 2735 2735
2077 2077 2077 2077 2077 2124 2124 2124 2124 2124 2124 2171 2171 2171 2171 2171 2171 2171 2218 2218 2218 2218 2218 2218 2265 2265 2265 2265 2265 2265 2312 2312 2312 2312 2312 2312 2359 2359 2359 2359 2359 2359 2359 2406 2406 2406 2406 2406 2406 2453 2453 2453 2453 2453 2453 2500 2500 2500 2500 2500 2500 2547 2547 2547 2547 2547 2547 2547 2594 2594 2594 2594 2594 2594 2641 2641 2641 2641 2641 2641 2688 2688 2688 2688 2688 2688 2735 2735 2735 2735 2735
2077 2077 2077 2077 2077 2124 2124 2124 2124 2124 2124 2171 2171 2171 2171 2171 2171 2171 2218 2218 2218 2218 2218 2218 2265 2265 2265 2265 2265 2265 2312 2312 2312 2312 2312 2312 2359 2359 2359 2359 2359 2359 2359 2406 2406 2406 2406 2406 2406 2453 2453 2453 2453 2453 2453 2500 2500 2500 2500 2500 2500 2547 2547 2547 2547 2547 2547 2547 2594 2594 2594 2594 2594 2594 2641 2641 2641 2641 2641 2641 2688 2688 2688 2688 2688 2688 2735 2735 2735 2735 2735
2077 2077 2077 2077 2077 2100 2124 2124 2124 2124 2124 2147 2171 2171 2171 2171 2171 2194 2218 2218 2218 2218 2218 2241 2265 2265 2265 2265 2265 2265 2288 2312 2312 2312 2312 2312 2335 2359 2359 2359 2359 2359 2382 2406 2406 2406 2406 2406 2429 2453 2453 2453 2453 2453 2453 2476 2500 2500 2500 2500 2500 2523 2547 2547 2547 2547 2547 2570 2594 2594 2594 2594 2594 2617 2641 2641 2641 2641 2641 2641 2664 2688 2688 2688 2688 2688 2711 2735 2735 2735 2735
2053 2077 2077 2100 2100 2100 2100 2124 2124 2147 2147 2147 2147 2147 2171 2194 2194 2194 2194 2194 2218 2218 2241 2241 2241 2241 2265 2265 2288 2288 2288 2288 2312 2312 2335 2335 2335 2335 2335 2359 2382 2382 2382 2382 2382 2406 2406 2429 2429 2429 2429 2453 2453 2476 2476 2476 2476 2500 2500 2523 2523 2523 2523 2523 2547 2570 2570 2570 2570 2570 2594 2594 2617 2617 2617 2617 2641 2641 2664 2664 2664 2664 2688 2688 2711 2711 2711 2711 2711 2735 2758
