input/Helperscripts_for_Input/nws/nws_patch_id.asc
ncols         406
nrows         256
xllcorner     301413,09
yllcorner     5677998,2720308
cellsize      160
NODATA_value  -2
[rows 82 to 122 of 256, columns 91 to 181 of 406]
721 721 721 721 721 745 768 768 768 768 768 768 792 815 815 815 815 815 839 862 862 862 862 862 886 909 909 909 909 909 933 956 956 956 956 956 956 980 1003 1003 1003 1003 1003 1027 1050 1050 1050 1050 1050 1074 1097 1097 1097 1097 1097 1121 1144 1144 1144 1144 1144 1144 1168 1191 1191 1191 1191 1191 1215 1238 1238 1238 1238 1238 1262 1285 1285 1285 1285 1285 -2 1332 1332 1332 1332 1332 1332 -2 1379 1379 1379
721 721 721 721 721 721 768 768 768 768 768 768 815 815 815 815 815 815 862 862 862 862 862 862 862 909 909 909 909 909 909 956 956 956 956 956 956 1003 1003 1003 1003 1003 1003 1050 1050 1050 1050 1050 1050 1050 1097 1097 1097 1097 1097 1097 1144 1144 1144 1144 1144 1144 1191 1191 1191 1191 1191 1191 1238 1238 1238 1238 1238 1238 1238 1285 1285 1285 1285 1285 1285 1332 1332 1332 1332 1332 1332 1379 1379 1379 1379
721 721 721 721 721 721 768 768 768 768 768 768 815 815 815 815 815 815 862 862 862 862 862 862 862 909 909 909 909 909 909 956 956 956 956 956 956 1003 1003 1003 1003 1003 1003 1050 1050 1050 1050 1050 1050 1050 1097 1097 1097 1097 1097 1097 1144 1144 1144 1144 1144 1144 1191 1191 1191 1191 1191 1191 1238 1238 1238 1238 1238 1238 1238 1285 1285 1285 1285 1285 1285 1332 1332 1332 1332 1332 1332 1379 1379 1379 1379
721 721 721 721 721 721 768 768 768 768 768 768 815 815 815 815 815 815 862 862 862 862 862 862 862 909 909 909 909 909 909 956 956 956 956 956 956 1003 1003 1003 1003 1003 1003 1050 1050 1050 1050 1050 1050 1050 1097 1097 1097 1097 1097 1097 1144 1144 1144 1144 1144 1144 1191 1191 1191 1191 1191 1191 1238 1238 1238 1238 1238 1238 1238 1285 1285 1285 1285 1285 1285 1332 1332 1332 1332 1332 1332 1379 1379 1379 1379
721 721 721 721 721 721 768 768 768 768 768 768 815 815 815 815 815 815 838 862 862 862 862 862 885 909 909 909 909 909 909 956 956 956 956 956 956 1003 1003 1003 1003 1003 1003 1026 1050 1050 1050 1050 1050 1073 1097 1097 1097 1097 1097 1097 1144 1144 1144 1144 1144 1144 1191 1191 1191 1191 1191 1191 1214 1238 1238 1238 1238 1238 1261 1285 1285 1285 1285 1285 1285 1332 1332 1332 1332 1332 1332 1379 1379 1379 1379
697 697 721 721 744 744 744 744 768 768 791 791 791 791 815 815 838 838 838 838 862 862 862 885 885 885 885 909 909 932 932 932 932 956 956 979 979 979 979 1003 1003 1026 1026 1026 1026 1050 1050 1050 1073 1073 1073 1073 1097 1097 1120 1120 1120 1120 1144 1144 1167 1167 1167 1167 1191 1191 1214 1214 1214 1214 1238 1238 1238 1261 1261 1261 1261 1285 1285 1308 1308 1308 1308 1332 1332 1355 1355 1355 1355 1379 1379
697 697 697 744 744 744 744 744 744 791 791 791 791 791 791 838 838 838 838 838 838 838 885 885 885 885 885 885 932 932 932 932 932 932 979 979 979 979 979 979 1026 1026 1026 1026 1026 1026 1026 1073 1073 1073 1073 1073 1073 1120 1120 1120 1120 1120 1120 1167 1167 1167 1167 1167 1167 1214 1214 1214 1214 1214 1214 1214 1261 1261 1261 1261 1261 1261 1308 1308 1308 1308 1308 1308 1355 1355 1355 1355 1355 1355 1402
697 697 697 744 744 744 744 744 744 791 791 791 791 791 791 838 838 838 838 838 838 838 885 885 885 885 885 885 932 932 932 932 932 932 979 979 979 979 979 979 1026 1026 1026 1026 1026 1026 1026 1073 1073 1073 1073 1073 1073 1120 1120 1120 1120 1120 1120 1167 1167 1167 1167 1167 1167 1214 1214 1214 1214 1214 1214 1214 1261 1261 1261 1261 1261 1261 1308 1308 1308 1308 1308 1308 1355 1355 1355 1355 1355 1355 1402
697 697 697 744 744 744 744 744 744 791 791 791 791 791 791 838 838 838 838 838 838 838 885 885 885 885 885 885 932 932 932 932 932 932 979 979 979 979 979 979 1026 1026 1026 1026 1026 1026 1026 1073 1073 1073 1073 1073 1073 1120 1120 1120 1120 1120 1120 1167 1167 1167 1167 1167 1167 1214 1214 1214 1214 1214 1214 1214 1261 1261 1261 1261 1261 1261 1308 1308 1308 1308 1308 1308 1355 1355 1355 1355 1355 1355 1402
697 697 697 744 744 744 744 744 744 791 791 791 791 791 791 838 838 838 838 838 838 838 885 885 885 885 885 885 932 932 932 932 932 932 979 979 979 979 979 979 1026 1026 1026 1026 1026 1026 1026 1073 1073 1073 1073 1073 1073 1120 1120 1120 1120 1120 1120 1167 1167 1167 1167 1167 1167 1214 1214 1214 1214 1214 1214 1214 1261 1261 1261 1261 1261 1261 1308 1308 1308 1308 1308 1308 1355 1355 1355 1355 1355 1355 1402
697 697 720 720 744 744 744 744 767 767 791 791 791 791 814 814 838 838 838 838 861 861 861 885 885 885 885 908 908 932 932 932 932 955 955 979 979 979 979 1002 1002 1026 1026 1026 1026 1049 1049 1049 1073 1073 1073 1073 1096 1096 1120 1120 1120 1120 1143 1143 1167 1167 1167 1167 1190 1190 1214 1214 1214 1214 1237 1237 1237 1261 1261 1261 1261 1284 1284 1308 1308 1308 1308 1331 1331 1355 1355 1355 1355 1378 1378
720 720 720 720 720 720 767 767 767 767 767 767 814 814 814 814 814 814 838 861 861 861 861 861 885 908 908 908 908 908 908 955 955 955 955 955 955 1002 1002 1002 1002 1002 1002 1026 1049 1049 1049 1049 1049 1073 1096 1096 1096 1096 1096 1096 1143 1143 1143 1143 1143 1143 1190 1190 1190 1190 1190 1190 1214 1237 1237 1237 1237 1237 1261 1284 1284 1284 1284 1284 1284 1331 1331 1331 1331 1331 1331 1378 1378 1378 1378
720 720 720 720 720 720 767 767 767 767 767 767 814 814 814 814 814 814 861 861 861 861 861 861 861 908 908 908 908 908 908 955 955 955 955 955 955 1002 1002 1002 1002 1002 1002 1049 1049 1049 1049 1049 1049 1049 1096 1096 1096 1096 1096 1096 1143 1143 1143 1143 1143 1143 1190 1190 1190 1190 1190 1190 1237 1237 1237 1237 1237 1237 1237 1284 1284 1284 1284 1284 1284 1331 1331 1331 1331 1331 1331 1378 1378 1378 1378
720 720 720 720 720 720 767 767 767 767 767 767 814 814 814 814 814 814 861 861 861 861 861 861 861 908 908 908 908 908 908 955 955 955 955 955 955 1002 1002 1002 1002 1002 1002 1049 1049 1049 1049 1049 1049 1049 1096 1096 1096 1096 1096 1096 1143 1143 1143 1143 1143 1143 1190 1190 1190 1190 1190 1190 1237 1237 1237 1237 1237 1237 1237 1284 1284 1284 1284 1284 1284 1331 1331 1331 1331 1331 1331 1378 1378 1378 1378
720 720 720 720 720 720 767 767 767 767 767 767 814 814 814 814 814 814 861 861 861 861 861 861 861 908 908 908 908 908 908 955 955 955 955 955 955 1002 1002 1002 1002 1002 1002 1049 1049 1049 1049 1049 1049 1049 1096 1096 1096 1096 1096 1096 1143 1143 1143 1143 1143 1143 1190 1190 1190 1190 1190 1190 1237 1237 1237 1237 1237 1237 1237 1284 1284 1284 1284 1284 1284 1331 1331 1331 1331 1331 1331 1378 1378 1378 1378
720 720 720 720 720 743 767 767 767 767 767 767 790 814 814 814 814 814 837 861 861 861 861 861 884 908 908 908 908 908 931 955 955 955 955 955 955 978 1002 1002 1002 1002 1002 1025 1049 1049 1049 1049 1049 1072 1096 1096 1096 1096 1096 1119 1143 1143 1143 1143 1143 1143 1166 1190 1190 1190 1190 1190 1213 1237 1237 1237 1237 1237 1260 1284 1284 1284 1284 1284 1307 1331 1331 1331 1331 1331 1331 1354 1378 1378 1378
696 696 720 720 743 743 743 743 767 767 790 790 790 790 814 814 837 837 837 837 837 861 884 884 884 884 884 908 908 931 931 931 931 955 955 978 978 978 978 1002 1002 1025 1025 1025 1025 1025 1049 1072 1072 1072 1072 1072 1096 1096 1119 1119 1119 1119 1143 1143 1166 1166 1166 1166 1190 1190 1213 1213 1213 1213 1213 1237 1260 1260 1260 1260 1260 1284 1284 1307 1307 1307 1307 1331 1331 1354 1354 1354 1354 1378 1378
696 696 696 743 743 743 743 743 743 790 790 790 790 790 790 837 837 837 837 837 837 837 884 884 884 884 884 884 931 931 931 931 931 931 978 978 978 978 978 978 1025 1025 1025 1025 1025 1025 1025 1072 1072 1072 1072 1072 1072 1119 1119 1119 1119 1119 1119 1166 1166 1166 1166 1166 1166 1213 1213 1213 1213 1213 1213 1213 1260 1260 1260 1260 1260 1260 1307 1307 1307 1307 1307 1307 1354 1354 1354 1354 1354 1354 1401
696 696 696 743 743 743 743 743 743 790 790 790 790 790 790 837 837 837 837 837 837 837 884 884 884 884 884 884 931 931 931 931 931 931 978 978 978 978 978 978 1025 1025 1025 1025 1025 1025 1025 1072 1072 1072 1072 1072 1072 1119 1119 1119 1119 1119 1119 1166 1166 1166 1166 1166 1166 1213 1213 1213 1213 1213 1213 1213 1260 1260 1260 1260 1260 1260 1307 1307 1307 1307 1307 1307 1354 1354 1354 1354 1354 1354 1401
696 696 696 743 743 743 743 743 743 790 790 790 790 790 790 837 837 837 837 837 837 837 884 884 884 884 884 884 931 931 931 931 931 931 978 978 978 978 978 978 1025 1025 1025 1025 1025 1025 1025 1072 1072 1072 1072 1072 1072 1119 1119 1119 1119 1119 1119 1166 1166 1166 1166 1166 1166 1213 1213 1213 1213 1213 1213 1213 1260 1260 1260 1260 1260 1260 1307 1307 1307 1307 1307 1307 1354 1354 1354 1354 1354 1354 1401
696 696 696 743 743 743 743 743 743 790 790 790 790 790 790 837 837 837 837 837 837 837 884 884 884 884 884 884 931 931 931 931 931 931 978 978 978 978 978 978 1025 1025 1025 1025 1025 1025 1025 1072 1072 1072 1072 1072 1072 1119 1119 1119 1119 1119 1119 1166 1166 1166 1166 1166 1166 1213 1213 1213 1213 1213 1213 1213 1260 1260 1260 1260 1260 1260 1307 1307 1307 1307 1307 1307 1354 1354 1354 1354 1354 1354 1401
696 719 719 719 743 743 743 743 766 766 790 790 790 790 813 813 813 837 837 837 860 860 860 884 884 884 907 907 907 931 931 931 931 954 954 978 978 978 978 1001 1001 1001 1025 1025 1025 1048 1048 1048 1072 1072 1072 1095 1095 1095 1119 1119 1119 1119 1142 1142 1166 1166 1166 1166 1189 1189 1189 1213 1213 1213 1236 1236 1236 1260 1260 1260 1283 1283 1283 1307 1307 1307 1307 1330 1330 1354 1354 1354 1354 1377 1377
719 719 719 719 719 719 766 766 766 766 766 766 813 813 813 813 813 813 860 860 860 860 860 860 860 907 907 907 907 907 907 954 954 954 954 954 954 1001 1001 1001 1001 1001 1001 1048 1048 1048 1048 1048 1048 1048 1095 1095 1095 1095 1095 1095 1142 1142 1142 1142 1142 1142 1189 1189 1189 1189 1189 1189 1236 1236 1236 1236 1236 1236 1236 1283 1283 1283 1283 1283 1283 1330 1330 1330 1330 1330 1330 1377 1377 1377 1377
719 719 719 719 719 719 766 766 766 766 766 766 813 813 813 813 813 813 860 860 860 860 860 860 860 907 907 907 907 907 907 954 954 954 954 954 954 1001 1001 1001 1001 1001 1001 1048 1048 1048 1048 1048 1048 1048 1095 1095 1095 1095 1095 1095 1142 1142 1142 1142 1142 1142 1189 1189 1189 1189 1189 1189 1236 1236 1236 1236 1236 1236 1236 1283 1283 1283 1283 1283 1283 1330 1330 1330 1330 1330 1330 1377 1377 1377 1377
719 719 719 719 719 719 766 766 766 766 766 766 813 813 813 813 813 813 860 860 860 860 860 860 860 907 907 907 907 907 907 954 954 954 954 954 954 1001 1001 1001 1001 1001 1001 1048 1048 1048 1048 1048 1048 1048 1095 1095 1095 1095 1095 1095 1142 1142 1142 1142 1142 1142 1189 1189 1189 1189 1189 1189 1236 1236 1236 1236 1236 1236 1236 1283 1283 1283 1283 1283 1283 1330 1330 1330 1330 1330 1330 1377 1377 1377 1377
719 719 719 719 719 719 766 766 766 766 766 766 813 813 813 813 813 813 860 860 860 860 860 860 860 907 907 907 907 907 907 954 954 954 954 954 954 1001 1001 1001 1001 1001 1001 1048 1048 1048 1048 1048 1048 1048 1095 1095 1095 1095 1095 1095 1142 1142 1142 1142 1142 1142 1189 1189 1189 1189 1189 1189 1236 1236 1236 1236 1236 1236 1236 1283 1283 1283 1283 1283 1283 1330 1330 1330 1330 1330 1330 1377 1377 1377 1377
719 719 719 719 719 742 742 766 766 766 766 789 789 813 813 813 813 813 836 860 860 860 860 860 883 907 907 907 907 907 930 930 954 954 954 954 977 977 1001 1001 1001 1001 1001 -2 1048 1048 1048 1048 1048 1071 1095 1095 1095 1095 1095 1118 1118 1142 1142 1142 1142 1165 1165 1189 1189 1189 1189 1189 1212 1236 1236 1236 1236 1236 1259 1283 1283 1283 1283 1283 1306 1306 1330 1330 1330 1330 1353 1353 1377 1377 1377
695 695 719 742 742 742 742 742 766 766 789 789 789 789 789 813 836 836 836 836 836 860 883 883 883 883 883 907 930 930 930 930 930 954 954 977 977 977 977 977 1001 -2 -2 -2 -2 -2 1048 1071 1071 1071 1071 1071 1095 1118 1118 1118 1118 1118 1142 1142 1165 1165 1165 1165 1165 1189 1212 1212 1212 1212 1212 1236 1259 1259 1259 1259 1259 1283 1306 1306 1306 1306 1306 1330 1330 1353 1353 1353 1353 1353 1377
695 695 695 742 742 742 742 742 742 789 789 789 789 789 789 836 836 836 836 836 836 836 883 883 883 883 883 883 930 930 930 930 930 930 977 977 977 977 977 977 -2 -2 -2 -2 -2 -2 1071 1071 1071 1071 1071 1071 1071 1118 1118 1118 1118 1118 1118 1165 1165 1165 1165 1165 1165 1212 1212 1212 1212 1212 1212 1212 1259 1259 1259 1259 1259 1259 1306 1306 1306 1306 1306 1306 1353 1353 1353 1353 1353 1353 1400
695 695 695 742 742 742 742 742 742 789 789 789 789 789 789 836 836 836 836 836 836 836 883 883 883 883 883 883 930 930 930 930 930 930 977 977 977 977 977 977 -2 -2 -2 -2 -2 -2 1071 1071 1071 1071 1071 1071 1071 1118 1118 1118 1118 1118 1118 1165 1165 1165 1165 1165 1165 1212 1212 1212 1212 1212 1212 1212 1259 1259 1259 1259 1259 1259 1306 1306 1306 1306 1306 1306 1353 1353 1353 1353 1353 1353 1400
695 695 695 742 742 742 742 742 742 789 789 789 789 789 789 836 836 836 836 836 836 836 883 883 883 883 883 883 930 930 930 930 930 930 977 977 977 977 977 977 -2 -2 -2 -2 -2 -2 1071 1071 1071 1071 1071 1071 1071 1118 1118 1118 1118 1118 1118 1165 1165 1165 1165 1165 1165 1212 1212 1212 1212 1212 1212 1212 1259 1259 1259 1259 1259 1259 1306 1306 1306 1306 1306 1306 1353 1353 1353 1353 1353 1353 1400
695 695 695 742 742 742 742 742 742 789 789 789 789 789 789 836 836 836 836 836 836 859 883 883 883 883 883 883 930 930 930 930 930 930 977 977 977 977 977 977 -2 -2 -2 -2 -2 -2 -2 1071 1071 1071 1071 1071 1071 1118 1118 1118 1118 1118 1118 1165 1165 1165 1165 1165 1165 1212 1212 1212 1212 1212 1212 1235 1259 1259 1259 1259 1259 1259 1306 1306 1306 1306 1306 1306 1353 1353 1353 1353 1353 1353 1400
695 718 718 718 718 742 742 765 765 765 765 789 789 812 812 812 812 836 836 836 859 859 859 883 883 883 906 906 906 906 930 930 953 953 953 953 977 977 -2 -2 -2 -2 -2 -2 -2 -2 -2 -2 1071 1071 1071 -2 -2 -2 -2 1118 1118 1141 1141 1141 1141 1165 1165 1188 1188 1188 1188 1212 1212 1212 1235 1235 1235 1259 1259 1259 1282 1282 1282 1282 1306 1306 1329 1329 1329 1329 1353 1353 1376 1376 1376
718 718 718 718 718 718 765 765 765 765 765 765 812 812 812 812 812 812 859 859 859 859 859 859 859 906 906 906 906 906 906 953 953 953 953 953 953 -2 -2 -2 -2 -2 -2 -2 -2 -2 -2 -2 -2 -2 -2 -2 -2 -2 -2 -2 1141 1141 1141 1141 1141 1141 1188 1188 1188 1188 1188 1188 1235 1235 1235 1235 1235 1235 1235 1282 1282 1282 1282 1282 1282 1329 1329 1329 1329 1329 1329 1376 1376 1376 1376
718 718 718 718 718 718 765 765 765 765 765 765 812 812 812 812 812 812 859 859 859 859 859 859 859 906 906 906 906 906 906 953 953 953 953 953 953 -2 -2 -2 -2 -2 -2 -2 -2 -2 -2 -2 -2 -2 -2 -2 -2 -2 -2 -2 1141 1141 1141 1141 1141 1141 1188 1188 1188 1188 1188 1188 1235 1235 1235 1235 1235 1235 1235 1282 1282 1282 1282 1282 1282 1329 1329 1329 1329 1329 1329 1376 1376 1376 1376
718 718 718 718 718 718 765 765 765 765 765 765 812 812 812 812 812 812 859 859 859 859 859 859 859 906 906 906 906 906 906 953 953 953 953 953 953 -2 -2 -2 -2 -2 -2 -2 -2 -2 -2 -2 -2 -2 -2 -2 -2 -2 -2 -2 1141 1141 1141 1141 1141 1141 1188 1188 1188 1188 1188 1188 1235 1235 1235 1235 1235 1235 1235 1282 1282 1282 1282 1282 1282 1329 1329 1329 1329 1329 1329 1376 1376 1376 1376
718 718 718 718 718 718 765 765 765 765 765 765 812 812 812 812 812 812 859 859 859 859 859 859 859 906 906 906 906 906 906 953 953 953 953 953 953 -2 -2 -2 -2 -2 -2 -2 -2 -2 -2 -2 -2 -2 -2 -2 -2 -2 -2 -2 1141 1141 1141 1141 1141 1141 1188 1188 1188 1188 1188 1188 1235 1235 1235 1235 1235 1235 1235 1282 1282 1282 1282 1282 1282 1329 1329 1329 1329 1329 1329 1376 1376 1376 1376
694 718 718 718 718 741 741 765 765 765 765 -2 -2 812 812 812 812 835 835 859 859 859 859 859 -2 -2 906 906 906 906 -2 -2 953 953 953 953 -2 -2 -2 -2 -2 -2 1023 1023 -2 -2 -2 -2 -2 1070 1070 -2 -2 -2 -2 1117 1117 1141 1141 1141 1141 1164 1164 1188 1188 1188 1188 1211 1211 1235 1235 1235 1235 1235 1258 1258 1282 1282 1282 1282 1305 1305 1329 1329 1329 1329 1352 1352 1376 1376 1376
694 694 718 741 741 741 741 741 741 -2 -2 -2 -2 -2 -2 812 835 835 835 835 835 859 -2 -2 -2 -2 -2 906 -2 -2 -2 -2 -2 -2 -2 -2 -2 -2 -2 -2 -2 1023 1023 1023 1023 1023 -2 1070 1070 1070 1070 1070 -2 1117 1117 1117 1117 1117 1117 1164 1164 1164 1164 1164 1164 1188 1211 1211 1211 1211 1211 1235 1258 1258 1258 1258 1258 1282 1305 1305 1305 1305 1305 1305 1352 1352 1352 1352 1352 1352 1376
694 694 694 741 741 741 741 741 741 -2 -2 -2 -2 -2 -2 835 835 835 835 835 835 835 -2 -2 -2 -2 -2 -2 -2 -2 -2 -2 -2 -2 -2 -2 -2 -2 -2 -2 1023 1023 1023 1023 1023 1023 1023 1070 1070 1070 1070 1070 1070 1117 1117 1117 1117 1117 1117 1164 1164 1164 1164 1164 1164 1211 1211 1211 1211 1211 1211 1211 1258 1258 1258 1258 1258 1258 1305 1305 1305 1305 1305 1305 1352 1352 1352 1352 1352 1352 1399
694 694 694 741 741 741 741 741 741 -2 -2 -2 -2 -2 -2 835 835 835 835 835 835 835 -2 -2 -2 -2 -2 -2 -2 -2 -2 -2 -2 -2 -2 -2 -2 -2 -2 -2 1023 1023 1023 1023 1023 1023 1023 1070 1070 1070 1070 1070 1070 1117 1117 1117 1117 1117 1117 1164 1164 1164 1164 1164 1164 1211 1211 1211 1211 1211 1211 1211 1258 1258 1258 1258 1258 1258 1305 1305 1305 1305 1305 1305 1352 1352 1352 1352 1352 1352 1399
