input/Helperscripts_for_Input/nws/soil_fertility.asc
ncols         406
nrows         256
xllcorner     301413.09
yllcorner     5677998.2720308
cellsize      160
NODATA_value  -2
[rows 180 to 215 of 256, columns 243 to 323 of 406]
0 0 0 0 0.783 0.783 0.783 0.783 0.783 0.783 0.744 0.744 0.744 0.744 0.744 0.744 0.6807692 0.6807692 0.6807692 0.6807692 0.6807692 0.6807692 0.6807692 0.7786363 0.7786363 0.7786363 0.7786363 0.7786363 0.7786363 0.7834615 0.7834615 0.7834615 0.7834615 0.7834615 0.7834615 0.7692857 0.7692857 0.7692857 0.7692857 0.7692857 0.7692857 0.77 0.77 0.77 0.77 0.77 0.77 0.77 0.7714286 0.7714286 0.7714286 0.7714286 0.7714286 0.7714286 0.7783333 0.7783333 0.7783333 0.7783333 0.7783333 0.7783333 0.7813637 0.7813637 0.7813637 0.7813637 0.7813637 0.7813637 0.7788461 0.7788461 0.7788461 0.7788461 0.7788461 0.7788461 0.7788461 0.795 0.795 0.795 0.795 0.795 0.795 0 0
0 0 0 0 0.783 0.783 0.783 0.783 0.783 0.783 0.744 0.744 0.744 0.744 0.744 0.744 0.6807692 0.6807692 0.6807692 0.6807692 0.6807692 0.6807692 0.6807692 0.7786363 0.7786363 0.7786363 0.7786363 0.7786363 0.7786363 0.7834615 0.7834615 0.7834615 0.7834615 0.7834615 0.7834615 0.7692857 0.7692857 0.7692857 0.7692857 0.7692857 0.7692857 0.77 0.77 0.77 0.77 0.77 0.77 0.77 0.7714286 0.7714286 0.7714286 0.7714286 0.7714286 0.7714286 0.7783333 0.7783333 0.7783333 0.7783333 0.7783333 0.7783333 0.7813637 0.7813637 0.7813637 0.7813637 0.7813637 0.7813637 0.7788461 0.7788461 0.7788461 0.7788461 0.7788461 0.7788461 0.7788461 0.795 0.795 0.795 0.795 0.795 0.795 0 0
0 0 0 0 0.783 0.783 0.783 0.783 0.783 0.783 0.744 0.744 0.744 0.744 0.744 0.744 0.6807692 0.6807692 0.6807692 0.6807692 0.6807692 0.6807692 0.6807692 0.7786363 0.7786363 0.7786363 0.7786363 0.7786363 0.7786363 0.7834615 0.7834615 0.7834615 0.7834615 0.7834615 0.7834615 0.7692857 0.7692857 0.7692857 0.7692857 0.7692857 0.7692857 0.77 0.77 0.77 0.77 0.77 0.77 0.77 0.7714286 0.7714286 0.7714286 0.7714286 0.7714286 0.7714286 0.7783333 0.7783333 0.7783333 0.7783333 0.7783333 0.7783333 0.7813637 0.7813637 0.7813637 0.7813637 0.7813637 0.7813637 0.7788461 0.7788461 0.7788461 0.7788461 0.7788461 0.7788461 0.7788461 0.795 0.795 0.795 0.795 0.795 0.795 0 0
0 0 0 0 0.783 0.783 0.783 0.783 0.783 0.783 0.744 0.744 0.744 0.744 0.744 0.744 0.6807692 0.6807692 0.6807692 0.6807692 0.6807692 0.6807692 0.6807692 0.7786363 0.7786363 0.7786363 0.7786363 0.7786363 0.7786363 0.7834615 0.7834615 0.7834615 0.7834615 0.7834615 0.7834615 0.7692857 0.7692857 0.7692857 0.7692857 0.7692857 0.7692857 0.77 0.77 0.77 0.77 0.77 0.77 0.77 0.7714286 0.7714286 0.7714286 0.7714286 0.7714286 0.7714286 0.7783333 0.7783333 0.7783333 0.7783333 0.7783333 0.7783333 0.7813637 0.7813637 0.7813637 0.7813637 0.7813637 0.7813637 0.7788461 0.7788461 0.7788461 0.7788461 0.7788461 0.7788461 0.7788461 0.795 0.795 0.795 0.795 0.795 0.795 0 0
0 0 0 0.795 0.795 0.783 0.783 0.783 0.783 0.7821429 0.7821429 0.744 0.744 0.744 0.744 0.63 0.63 0.63 0.6807692 0.6807692 0.6807692 0.7227273 0.7227273 0.7227273 0.7786363 0.7786363 0.7786363 0.7786363 0.7925 0.7925 0.7834615 0.7834615 0.7834615 0.7834615 0.7926923 0.7926923 0.7692857 0.7692857 0.7692857 0.7692857 0.78 0.78 0.78 0.77 0.77 0.77 0.7501923 0.7501923 0.7501923 0.7714286 0.7714286 0.7714286 0.7714286 0.795 0.795 0.7783333 0.7783333 0.7783333 0.7783333 0.7844643 0.7844643 0.7813637 0.7813637 0.7813637 0.7813637 0.7834615 0.7834615 0.7834615 0.7788461 0.7788461 0.7788461 0.79125 0.79125 0.79125 0.795 0.795 0.795 0.795 0 0 0
0 0.795 0.795 0.795 0.795 0.795 0.795 0.7821429 0.7821429 0.7821429 0.7821429 0.7821429 0.7821429 0.63 0.63 0.63 0.63 0.63 0.63 0.6807692 0.7227273 0.7227273 0.7227273 0.7227273 0.7227273 0.7227273 0.7925 0.7925 0.7925 0.7925 0.7925 0.7925 0.7926923 0.7926923 0.7926923 0.7926923 0.7926923 0.7926923 0.78 0.78 0.78 0.78 0.78 0.78 0.77 0.7501923 0.7501923 0.7501923 0.7501923 0.7501923 0.7501923 0.795 0.795 0.795 0.795 0.795 0.795 0.7844643 0.7844643 0.7844643 0.7844643 0.7844643 0.7844643 0.7834615 0.7834615 0.7834615 0.7834615 0.7834615 0.7834615 0.7788461 0.79125 0.79125 0.79125 0.79125 0.79125 0.79125 0 0 0 0 0
0 0.795 0.795 0.795 0.795 0.795 0.795 0.7821429 0.7821429 0.7821429 0.7821429 0.7821429 0.7821429 0.63 0.63 0.63 0.63 0.63 0.63 0.63 0.7227273 0.7227273 0.7227273 0.7227273 0.7227273 0.7227273 0.7925 0.7925 0.7925 0.7925 0.7925 0.7925 0.7926923 0.7926923 0.7926923 0.7926923 0.7926923 0.7926923 0.78 0.78 0.78 0.78 0.78 0.78 0.78 0.7501923 0.7501923 0.7501923 0.7501923 0.7501923 0.7501923 0.795 0.795 0.795 0.795 0.795 0.795 0.7844643 0.7844643 0.7844643 0.7844643 0.7844643 0.7844643 0.7834615 0.7834615 0.7834615 0.7834615 0.7834615 0.7834615 0.7834615 0.79125 0.79125 0.79125 0.79125 0.79125 0.79125 0 0 0 0 0
0 0.795 0.795 0.795 0.795 0.795 0.795 0.7821429 0.7821429 0.7821429 0.7821429 0.7821429 0.7821429 0.63 0.63 0.63 0.63 0.63 0.63 0.63 0.7227273 0.7227273 0.7227273 0.7227273 0.7227273 0.7227273 0.7925 0.7925 0.7925 0.7925 0.7925 0.7925 0.7926923 0.7926923 0.7926923 0.7926923 0.7926923 0.7926923 0.78 0.78 0.78 0.78 0.78 0.78 0.78 0.7501923 0.7501923 0.7501923 0.7501923 0.7501923 0.7501923 0.795 0.795 0.795 0.795 0.795 0.795 0.7844643 0.7844643 0.7844643 0.7844643 0.7844643 0.7844643 0.7834615 0.7834615 0.7834615 0.7834615 0.7834615 0.7834615 0.7834615 0.79125 0.79125 0.79125 0.79125 0.79125 0.79125 0 0 0 0 0
0 0.795 0.795 0.795 0.795 0.795 0.795 0.7821429 0.7821429 0.7821429 0.7821429 0.7821429 0.7821429 0.63 0.63 0.63 0.63 0.63 0.63 0.63 0.7227273 0.7227273 0.7227273 0.7227273 0.7227273 0.7227273 0.7925 0.7925 0.7925 0.7925 0.7925 0.7925 0.7926923 0.7926923 0.7926923 0.7926923 0.7926923 0.7926923 0.78 0.78 0.78 0.78 0.78 0.78 0.78 0.7501923 0.7501923 0.7501923 0.7501923 0.7501923 0.7501923 0.795 0.795 0.795 0.795 0.795 0.795 0.7844643 0.7844643 0.7844643 0.7844643 0.7844643 0.7844643 0.7834615 0.7834615 0.7834615 0.7834615 0.7834615 0.7834615 0.7834615 0.79125 0.79125 0.79125 0.79125 0.79125 0.79125 0 0 0 0 0
0 0.795 0.795 0.795 0.795 0.795 0.795 0.7821429 0.7821429 0.7821429 0.7821429 0.7821429 0.7821429 0.74 0.63 0.63 0.63 0.63 0.63 0.645 0.7227273 0.7227273 0.7227273 0.7227273 0.7227273 0.7671428 0.7925 0.7925 0.7925 0.7925 0.7925 0.7925 0.7926923 0.7926923 0.7926923 0.7926923 0.7926923 0.7926923 0.63 0.78 0.78 0.78 0.78 0.78 0.5607143 0.7501923 0.7501923 0.7501923 0.7501923 0.7501923 0.6657143 0.795 0.795 0.795 0.795 0.795 0.795 0.7844643 0.7844643 0.7844643 0.7844643 0.7844643 0.7844643 0.7901923 0.7834615 0.7834615 0.7834615 0.7834615 0.7834615 0.7965385 0.79125 0.79125 0.79125 0.79125 0.79125 0.7791666 0 0 0 0 0
0 0 0 0.795 0.795 0.7625 0.7625 0.7625 0.7625 0.7821429 0.7821429 0.74 0.74 0.74 0.74 0.63 0.63 0.645 0.645 0.645 0.645 0.645 0.7227273 0.7227273 0.7671428 0.7671428 0.7671428 0.7671428 0.7925 0.7925 0.78 0.78 0.78 0.78 0.7926923 0.7926923 0.63 0.63 0.63 0.63 0.78 0.78 0.5607143 0.5607143 0.5607143 0.5607143 0.5607143 0.7501923 0.7501923 0.6657143 0.6657143 0.6657143 0.6657143 0.795 0.795 0.8151786 0.8151786 0.8151786 0.8151786 0.7844643 0.7844643 0.7901923 0.7901923 0.7901923 0.7901923 0.7834615 0.7834615 0.7965385 0.7965385 0.7965385 0.7965385 0.7965385 0.79125 0.79125 0.7791666 0.7791666 0.7791666 0.7791666 0 0 0
0 0 0 0 0.7625 0.7625 0.7625 0.7625 0.7625 0.7625 0.74 0.74 0.74 0.74 0.74 0.74 0.645 0.645 0.645 0.645 0.645 0.645 0.645 0.7671428 0.7671428 0.7671428 0.7671428 0.7671428 0.7671428 0.78 0.78 0.78 0.78 0.78 0.78 0.63 0.63 0.63 0.63 0.63 0.63 0.5607143 0.5607143 0.5607143 0.5607143 0.5607143 0.5607143 0.5607143 0.6657143 0.6657143 0.6657143 0.6657143 0.6657143 0.6657143 0.8151786 0.8151786 0.8151786 0.8151786 0.8151786 0.8151786 0.7901923 0.7901923 0.7901923 0.7901923 0.7901923 0.7901923 0.7965385 0.7965385 0.7965385 0.7965385 0.7965385 0.7965385 0.7965385 0.7791666 0.7791666 0.7791666 0.7791666 0.7791666 0.7791666 0 0
0 0 0 0 0.7625 0.7625 0.7625 0.7625 0.7625 0.7625 0.74 0.74 0.74 0.74 0.74 0.74 0.645 0.645 0.645 0.645 0.645 0.645 0.645 0.7671428 0.7671428 0.7671428 0.7671428 0.7671428 0.7671428 0.78 0.78 0.78 0.78 0.78 0.78 0.63 0.63 0.63 0.63 0.63 0.63 0.5607143 0.5607143 0.5607143 0.5607143 0.5607143 0.5607143 0.5607143 0.6657143 0.6657143 0.6657143 0.6657143 0.6657143 0.6657143 0.8151786 0.8151786 0.8151786 0.8151786 0.8151786 0.8151786 0.7901923 0.7901923 0.7901923 0.7901923 0.7901923 0.7901923 0.7965385 0.7965385 0.7965385 0.7965385 0.7965385 0.7965385 0.7965385 0.7791666 0.7791666 0.7791666 0.7791666 0.7791666 0.7791666 0 0
0 0 0 0 0.7625 0.7625 0.7625 0.7625 0.7625 0.7625 0.74 0.74 0.74 0.74 0.74 0.74 0.645 0.645 0.645 0.645 0.645 0.645 0.645 0.7671428 0.7671428 0.7671428 0.7671428 0.7671428 0.7671428 0.78 0.78 0.78 0.78 0.78 0.78 0.63 0.63 0.63 0.63 0.63 0.63 0.5607143 0.5607143 0.5607143 0.5607143 0.5607143 0.5607143 0.5607143 0.6657143 0.6657143 0.6657143 0.6657143 0.6657143 0.6657143 0.8151786 0.8151786 0.8151786 0.8151786 0.8151786 0.8151786 0.7901923 0.7901923 0.7901923 0.7901923 0.7901923 0.7901923 0.7965385 0.7965385 0.7965385 0.7965385 0.7965385 0.7965385 0.7965385 0.7791666 0.7791666 0.7791666 0.7791666 0.7791666 0.7791666 0 0
0 0 0 0 0.7625 0.7625 0.7625 0.7625 0.7625 0.7625 0.74 0.74 0.74 0.74 0.74 0.74 0.645 0.645 0.645 0.645 0.645 0.645 0.645 0.7671428 0.7671428 0.7671428 0.7671428 0.7671428 0.7671428 0.78 0.78 0.78 0.78 0.78 0.78 0.63 0.63 0.63 0.63 0.63 0.63 0.5607143 0.5607143 0.5607143 0.5607143 0.5607143 0.5607143 0.5607143 0.6657143 0.6657143 0.6657143 0.6657143 0.6657143 0.6657143 0.8151786 0.8151786 0.8151786 0.8151786 0.8151786 0.8151786 0.7901923 0.7901923 0.7901923 0.7901923 0.7901923 0.7901923 0.7965385 0.7965385 0.7965385 0.7965385 0.7965385 0.7965385 0.7965385 0.7791666 0.7791666 0.7791666 0.7791666 0.7791666 0.7791666 0 0
0 0 0.7683333 0.7683333 0.7683333 0.7625 0.7625 0.7625 0.7625 0.7778571 0.7778571 0.7778571 0.74 0.74 0.74 0.7821429 0.7821429 0.7821429 0.645 0.645 0.645 0.6775 0.6775 0.6775 0.7671428 0.7671428 0.7671428 0.7765385 0.7765385 0.7765385 0.78 0.78 0.78 0.78 0.6225 0.6225 0.6225 0.63 0.63 0.63 0.5727273 0.5727273 0.5727273 0.5607143 0.5607143 0.5607143 0.5722222 0.5722222 0.5722222 0.6657143 0.6657143 0.6657143 0.7197728 0.7197728 0.7197728 0.8151786 0.8151786 0.8151786 0.8151786 0.8073214 0.8073214 0.8073214 0.7901923 0.7901923 0.7901923 0.7940625 0.7940625 0.7940625 0.7965385 0.7965385 0.7965385 0.71175 0.71175 0.71175 0.7791666 0.7791666 0.7791666 0.825 0.825 0.825 0
0.765 0.7683333 0.7683333 0.7683333 0.7683333 0.7683333 0.7683333 0.7778571 0.7778571 0.7778571 0.7778571 0.7778571 0.7778571 0.7821429 0.7821429 0.7821429 0.7821429 0.7821429 0.7821429 0.7821429 0.6775 0.6775 0.6775 0.6775 0.6775 0.6775 0.7765385 0.7765385 0.7765385 0.7765385 0.7765385 0.7765385 0.6225 0.6225 0.6225 0.6225 0.6225 0.6225 0.5727273 0.5727273 0.5727273 0.5727273 0.5727273 0.5727273 0.5727273 0.5722222 0.5722222 0.5722222 0.5722222 0.5722222 0.5722222 0.7197728 0.7197728 0.7197728 0.7197728 0.7197728 0.7197728 0.8073214 0.8073214 0.8073214 0.8073214 0.8073214 0.8073214 0.7940625 0.7940625 0.7940625 0.7940625 0.7940625 0.7940625 0.7940625 0.71175 0.71175 0.71175 0.71175 0.71175 0.71175 0.825 0.825 0.825 0.825 0.825
0.765 0.7683333 0.7683333 0.7683333 0.7683333 0.7683333 0.7683333 0.7778571 0.7778571 0.7778571 0.7778571 0.7778571 0.7778571 0.7821429 0.7821429 0.7821429 0.7821429 0.7821429 0.7821429 0.7821429 0.6775 0.6775 0.6775 0.6775 0.6775 0.6775 0.7765385 0.7765385 0.7765385 0.7765385 0.7765385 0.7765385 0.6225 0.6225 0.6225 0.6225 0.6225 0.6225 0.5727273 0.5727273 0.5727273 0.5727273 0.5727273 0.5727273 0.5727273 0.5722222 0.5722222 0.5722222 0.5722222 0.5722222 0.5722222 0.7197728 0.7197728 0.7197728 0.7197728 0.7197728 0.7197728 0.8073214 0.8073214 0.8073214 0.8073214 0.8073214 0.8073214 0.7940625 0.7940625 0.7940625 0.7940625 0.7940625 0.7940625 0.7940625 0.71175 0.71175 0.71175 0.71175 0.71175 0.71175 0.825 0.825 0.825 0.825 0.825
0.765 0.7683333 0.7683333 0.7683333 0.7683333 0.7683333 0.7683333 0.7778571 0.7778571 0.7778571 0.7778571 0.7778571 0.7778571 0.7821429 0.7821429 0.7821429 0.7821429 0.7821429 0.7821429 0.7821429 0.6775 0.6775 0.6775 0.6775 0.6775 0.6775 0.7765385 0.7765385 0.7765385 0.7765385 0.7765385 0.7765385 0.6225 0.6225 0.6225 0.6225 0.6225 0.6225 0.5727273 0.5727273 0.5727273 0.5727273 0.5727273 0.5727273 0.5727273 0.5722222 0.5722222 0.5722222 0.5722222 0.5722222 0.5722222 0.7197728 0.7197728 0.7197728 0.7197728 0.7197728 0.7197728 0.8073214 0.8073214 0.8073214 0.8073214 0.8073214 0.8073214 0.7940625 0.7940625 0.7940625 0.7940625 0.7940625 0.7940625 0.7940625 0.71175 0.71175 0.71175 0.71175 0.71175 0.71175 0.825 0.825 0.825 0.825 0.825
0.765 0.7683333 0.7683333 0.7683333 0.7683333 0.7683333 0.7683333 0.7778571 0.7778571 0.7778571 0.7778571 0.7778571 0.7778571 0.7821429 0.7821429 0.7821429 0.7821429 0.7821429 0.7821429 0.7821429 0.6775 0.6775 0.6775 0.6775 0.6775 0.6775 0.7765385 0.7765385 0.7765385 0.7765385 0.7765385 0.7765385 0.6225 0.6225 0.6225 0.6225 0.6225 0.6225 0.5727273 0.5727273 0.5727273 0.5727273 0.5727273 0.5727273 0.5727273 0.5722222 0.5722222 0.5722222 0.5722222 0.5722222 0.5722222 0.7197728 0.7197728 0.7197728 0.7197728 0.7197728 0.7197728 0.8073214 0.8073214 0.8073214 0.8073214 0.8073214 0.8073214 0.7940625 0.7940625 0.7940625 0.7940625 0.7940625 0.7940625 0.7940625 0.71175 0.71175 0.71175 0.71175 0.71175 0.71175 0.825 0.825 0.825 0.825 0.825
0.7607143 0.7683333 0.7683333 0.7683333 0.7683333 0.7683333 0.7885714 0.7885714 0.7778571 0.7778571 0.7778571 0.7778571 0.7778571 0.78 0.7821429 0.7821429 0.7821429 0.7821429 0.7821429 0.6816667 0.6775 0.6775 0.6775 0.6775 0.6775 0.7060714 0.7765385 0.7765385 0.7765385 0.7765385 0.7765385 0.775 0.775 0.6225 0.6225 0.6225 0.6225 0.6225 0.7232143 0.5727273 0.5727273 0.5727273 0.5727273 0.5727273 0.6316667 0.5722222 0.5722222 0.5722222 0.5722222 0.5722222 0.717 0.7197728 0.7197728 0.7197728 0.7197728 0.7197728 0.825 0.825 0.8073214 0.8073214 0.8073214 0.8073214 0.8073214 0.804375 0.7940625 0.7940625 0.7940625 0.7940625 0.7940625 0.6043182 0.71175 0.71175 0.71175 0.71175 0.71175 0 0.825 0.825 0.825 0.825 0.825
0.7607143 0.7607143 0.7607143 0.7683333 0.7683333 0.7885714 0.7885714 0.7885714 0.7885714 0.7778571 0.7778571 0.78 0.78 0.78 0.78 0.78 0.7821429 0.6816667 0.6816667 0.6816667 0.6816667 0.6816667 0.6775 0.7060714 0.7060714 0.7060714 0.7060714 0.7060714 0.7765385 0.7765385 0.775 0.775 0.775 0.775 0.6225 0.6225 0.7232143 0.7232143 0.7232143 0.7232143 0.7232143 0.5727273 0.6316667 0.6316667 0.6316667 0.6316667 0.6316667 0.5722222 0.717 0.717 0.717 0.717 0.717 0.7197728 0.7197728 0.825 0.825 0.825 0.825 0.8073214 0.8073214 0.804375 0.804375 0.804375 0.804375 0.804375 0.7940625 0.6043182 0.6043182 0.6043182 0.6043182 0.6043182 0.71175 0 0 0 0 0 0.825 0.825 0
0.7607143 0.7607143 0.7607143 0.7607143 0.7885714 0.7885714 0.7885714 0.7885714 0.7885714 0.7885714 0.78 0.78 0.78 0.78 0.78 0.78 0.6816667 0.6816667 0.6816667 0.6816667 0.6816667 0.6816667 0.6816667 0.7060714 0.7060714 0.7060714 0.7060714 0.7060714 0.7060714 0.775 0.775 0.775 0.775 0.775 0.775 0.7232143 0.7232143 0.7232143 0.7232143 0.7232143 0.7232143 0.6316667 0.6316667 0.6316667 0.6316667 0.6316667 0.6316667 0.6316667 0.717 0.717 0.717 0.717 0.717 0.717 0.825 0.825 0.825 0.825 0.825 0.825 0.804375 0.804375 0.804375 0.804375 0.804375 0.804375 0.6043182 0.6043182 0.6043182 0.6043182 0.6043182 0.6043182 0.6043182 0 0 0 0 0 0 0 0
0.7607143 0.7607143 0.7607143 0.7607143 0.7885714 0.7885714 0.7885714 0.7885714 0.7885714 0.7885714 0.78 0.78 0.78 0.78 0.78 0.78 0.6816667 0.6816667 0.6816667 0.6816667 0.6816667 0.6816667 0.6816667 0.7060714 0.7060714 0.7060714 0.7060714 0.7060714 0.7060714 0.775 0.775 0.775 0.775 0.775 0.775 0.7232143 0.7232143 0.7232143 0.7232143 0.7232143 0.7232143 0.6316667 0.6316667 0.6316667 0.6316667 0.6316667 0.6316667 0.6316667 0.717 0.717 0.717 0.717 0.717 0.717 0.825 0.825 0.825 0.825 0.825 0.825 0.804375 0.804375 0.804375 0.804375 0.804375 0.804375 0.6043182 0.6043182 0.6043182 0.6043182 0.6043182 0.6043182 0.6043182 0 0 0 0 0 0 0 0
0.7607143 0.7607143 0.7607143 0.7607143 0.7885714 0.7885714 0.7885714 0.7885714 0.7885714 0.7885714 0.78 0.78 0.78 0.78 0.78 0.78 0.6816667 0.6816667 0.6816667 0.6816667 0.6816667 0.6816667 0.6816667 0.7060714 0.7060714 0.7060714 0.7060714 0.7060714 0.7060714 0.775 0.775 0.775 0.775 0.775 0.775 0.7232143 0.7232143 0.7232143 0.7232143 0.7232143 0.7232143 0.6316667 0.6316667 0.6316667 0.6316667 0.6316667 0.6316667 0.6316667 0.717 0.717 0.717 0.717 0.717 0.717 0.825 0.825 0.825 0.825 0.825 0.825 0.804375 0.804375 0.804375 0.804375 0.804375 0.804375 0.6043182 0.6043182 0.6043182 0.6043182 0.6043182 0.6043182 0.6043182 0 0 0 0 0 0 0 0
0.7607143 0.7607143 0.7607143 0.7607143 0.7885714 0.7885714 0.7885714 0.7885714 0.7885714 0.7885714 0.78 0.78 0.78 0.78 0.78 0.78 0.6816667 0.6816667 0.6816667 0.6816667 0.6816667 0.6816667 0.6816667 0.7060714 0.7060714 0.7060714 0.7060714 0.7060714 0.7060714 0.775 0.775 0.775 0.775 0.775 0.775 0.7232143 0.7232143 0.7232143 0.7232143 0.7232143 0.7232143 0.6316667 0.6316667 0.6316667 0.6316667 0.6316667 0.6316667 0.6316667 0.717 0.717 0.717 0.717 0.717 0.717 0.825 0.825 0.825 0.825 0.825 0.825 0.804375 0.804375 0.804375 0.804375 0.804375 0.804375 0.6043182 0.6043182 0.6043182 0.6043182 0.6043182 0.6043182 0.6043182 0 0 0 0 0 0 0 0
0.7607143 0.7607143 0.7725 0.7725 0.7725 0.7725 0.7885714 0.7885714 0.7742308 0.7742308 0.7742308 0.7742308 0.78 0.78 0.78 0.7639286 0.7639286 0.7639286 0.6816667 0.6816667 0.6816667 0.64875 0.64875 0.64875 0.7060714 0.7060714 0.7060714 0.7823077 0.7823077 0.7823077 0.7823077 0.775 0.775 0.7857692 0.7857692 0.7857692 0.7857692 0.7232143 0.7232143 0.7232143 0.774 0.774 0.774 0.6316667 0.6316667 0.6316667 -2 -2 -2 0.717 0.717 0.717 -2 -2 -2 -2 0.825 0.825 -2 -2 -2 -2 0.804375 0.804375 0.804375 0.64125 0.64125 0.64125 0.6043182 0.6043182 0.6043182 0.5375 0.5375 0.5375 0 0 0 0 0 0 0
0.795 0.7725 0.7725 0.7725 0.7725 0.7725 0.7725 0.7742308 0.7742308 0.7742308 0.7742308 0.7742308 0.7742308 0.7639286 0.7639286 0.7639286 0.7639286 0.7639286 0.7639286 0.7639286 0.64875 0.64875 0.64875 0.64875 0.64875 0.64875 0.7823077 0.7823077 0.7823077 0.7823077 0.7823077 0.7823077 0.7857692 0.7857692 0.7857692 0.7857692 0.7857692 0.7857692 0.774 0.774 0.774 0.774 0.774 0.774 0.774 -2 -2 -2 -2 -2 -2 -2 -2 -2 -2 -2 -2 -2 -2 -2 -2 -2 -2 0.64125 0.64125 0.64125 0.64125 0.64125 0.64125 0.64125 0.5375 0.5375 0.5375 0.5375 0.5375 0.5375 0 0 0 0 0
0.795 0.7725 0.7725 0.7725 0.7725 0.7725 0.7725 0.7742308 0.7742308 0.7742308 0.7742308 0.7742308 0.7742308 0.7639286 0.7639286 0.7639286 0.7639286 0.7639286 0.7639286 0.7639286 0.64875 0.64875 0.64875 0.64875 0.64875 0.64875 0.7823077 0.7823077 0.7823077 0.7823077 0.7823077 0.7823077 0.7857692 0.7857692 0.7857692 0.7857692 0.7857692 0.7857692 0.774 0.774 0.774 0.774 0.774 0.774 0.774 -2 -2 -2 -2 -2 -2 -2 -2 -2 -2 -2 -2 -2 -2 -2 -2 -2 -2 0.64125 0.64125 0.64125 0.64125 0.64125 0.64125 0.64125 0.5375 0.5375 0.5375 0.5375 0.5375 0.5375 0 0 0 0 0
0.795 0.7725 0.7725 0.7725 0.7725 0.7725 0.7725 0.7742308 0.7742308 0.7742308 0.7742308 0.7742308 0.7742308 0.7639286 0.7639286 0.7639286 0.7639286 0.7639286 0.7639286 0.7639286 0.64875 0.64875 0.64875 0.64875 0.64875 0.64875 0.7823077 0.7823077 0.7823077 0.7823077 0.7823077 0.7823077 0.7857692 0.7857692 0.7857692 0.7857692 0.7857692 0.7857692 0.774 0.774 0.774 0.774 0.774 0.774 0.774 -2 -2 -2 -2 -2 -2 -2 -2 -2 -2 -2 -2 -2 -2 -2 -2 -2 -2 0.64125 0.64125 0.64125 0.64125 0.64125 0.64125 0.64125 0.5375 0.5375 0.5375 0.5375 0.5375 0.5375 0 0 0 0 0
0.795 0.7725 0.7725 0.7725 0.7725 0.7725 0.7725 0.7742308 0.7742308 0.7742308 0.7742308 0.7742308 0.7742308 0.7639286 0.7639286 0.7639286 0.7639286 0.7639286 0.7639286 0.7639286 0.64875 0.64875 0.64875 0.64875 0.64875 0.64875 0.7823077 0.7823077 0.7823077 0.7823077 0.7823077 0.7823077 0.7857692 0.7857692 0.7857692 0.7857692 0.7857692 0.7857692 0.774 0.774 0.774 0.774 0.774 0.774 0.774 -2 -2 -2 -2 -2 -2 -2 -2 -2 -2 -2 -2 -2 -2 -2 -2 -2 -2 0.64125 0.64125 0.64125 0.64125 0.64125 0.64125 0.64125 0.5375 0.5375 0.5375 0.5375 0.5375 0.5375 0 0 0 0 0
0.78 0.78 0.7725 0.7725 0.7725 0.7725 0.7580769 0.7580769 0.7742308 0.7742308 0.7742308 0.7742308 0.7765385 0.7765385 0.7639286 0.7639286 0.7639286 0.7639286 0.7275 0.7275 0.7275 0.64875 0.64875 0.64875 0.64875 0.6519231 0.6519231 0.7823077 0.7823077 0.7823077 0.7823077 0.7788461 0.7788461 0.7857692 0.7857692 0.7857692 0.7857692 -2 -2 0.774 0.774 0.774 0.774 -2 -2 -2 -2 -2 -2 -2 -2 -2 -2 -2 -2 -2 -2 -2 -2 -2 -2 -2 -2 -2 0.64125 0.64125 0.64125 0.64125 -2 -2 -2 0.5375 0.5375 0.5375 0.5375 0.5625 0.5625 0 0 0 0
0.78 0.78 0.78 0.78 0.7580769 0.7580769 0.7580769 0.7580769 0.7580769 0.7580769 0.7765385 0.7765385 0.7765385 0.7765385 0.7765385 0.7765385 0.7639286 0.7275 0.7275 0.7275 0.7275 0.7275 0.64875 0.6519231 0.6519231 0.6519231 0.6519231 0.6519231 0.6519231 0.7788461 0.7788461 0.7788461 0.7788461 0.7788461 0.7788461 -2 -2 -2 -2 -2 -2 0.774 -2 -2 -2 -2 -2 -2 -2 -2 -2 -2 -2 -2 -2 -2 -2 -2 -2 -2 -2 -2 -2 -2 -2 -2 0.64125 -2 -2 -2 -2 -2 0.5375 0.5625 0.5625 0.5625 0.5625 0.5625 0.5625 0 0
0.78 0.78 0.78 0.78 0.7580769 0.7580769 0.7580769 0.7580769 0.7580769 0.7580769 0.7765385 0.7765385 0.7765385 0.7765385 0.7765385 0.7765385 0.7275 0.7275 0.7275 0.7275 0.7275 0.7275 0.7275 0.6519231 0.6519231 0.6519231 0.6519231 0.6519231 0.6519231 0.7788461 0.7788461 0.7788461 0.7788461 0.7788461 0.7788461 -2 -2 -2 -2 -2 -2 -2 -2 -2 -2 -2 -2 -2 -2 -2 -2 -2 -2 -2 -2 -2 -2 -2 -2 -2 -2 -2 -2 -2 -2 -2 -2 -2 -2 -2 -2 -2 -2 0.5625 0.5625 0.5625 0.5625 0.5625 0.5625 0 0
0.78 0.78 0.78 0.78 0.7580769 0.7580769 0.7580769 0.7580769 0.7580769 0.7580769 0.7765385 0.7765385 0.7765385 0.7765385 0.7765385 0.7765385 0.7275 0.7275 0.7275 0.7275 0.7275 0.7275 0.7275 0.6519231 0.6519231 0.6519231 0.6519231 0.6519231 0.6519231 0.7788461 0.7788461 0.7788461 0.7788461 0.7788461 0.7788461 -2 -2 -2 -2 -2 -2 -2 -2 -2 -2 -2 -2 -2 -2 -2 -2 -2 -2 -2 -2 -2 -2 -2 -2 -2 -2 -2 -2 -2 -2 -2 -2 -2 -2 -2 -2 -2 -2 0.5625 0.5625 0.5625 0.5625 0.5625 0.5625 0 0
0.78 0.78 0.78 0.78 0.7580769 0.7580769 0.7580769 0.7580769 0.7580769 0.7580769 0.7765385 0.7765385 0.7765385 0.7765385 0.7765385 0.7765385 0.7275 0.7275 0.7275 0.7275 0.7275 0.7275 0.7275 0.6519231 0.6519231 0.6519231 0.6519231 0.6519231 0.6519231 0.7788461 0.7788461 0.7788461 0.7788461 0.7788461 0.7788461 -2 -2 -2 -2 -2 -2 -2 -2 -2 -2 -2 -2 -2 -2 -2 -2 -2 -2 -2 -2 -2 -2 -2 -2 -2 -2 -2 -2 -2 -2 -2 -2 -2 -2 -2 -2 -2 -2 0.5625 0.5625 0.5625 0.5625 0.5625 0.5625 0 0
