input/Helperscripts_for_Input/nws/soil_fertility.asc
ncols         406
nrows         256
xllcorner     301413.09
yllcorner     5677998.2720308
cellsize      160
NODATA_value  -2
[rows 144 to 179 of 256, columns 324 to 404 of 406]
0.7926923 0.7922727 0.7922727 0.7922727 0.7922727 0.7922727 0.7922727 0.795 0.795 0.795 0.795 0.795 0.795 0.795 0.7786363 0.7786363 0.7786363 0.7786363 0.7786363 0.7786363 0.785 0.785 0.785 0.785 0.785 0.785 0.789 0.789 0.789 0.789 0.789 0.789 0.7903846 0.7903846 0.7903846 0.7903846 0.7903846 0.7903846 0.7903846 0.77 0.77 0.77 0.77 0.77 0.77 0.755 0.755 0.755 0.755 0.755 0.755 0 0 0 0 0 0 0 0 0 0 0 0 0 -2 -2 -2 -2 -2 -2 -2 -2 -2 -2 -2 -2 -2 -2 -2 -2 -2
0.7926923 0.7922727 0.7922727 0.7922727 0.7922727 0.7922727 0.7922727 0.795 0.795 0.795 0.795 0.795 0.795 0.795 0.7786363 0.7786363 0.7786363 0.7786363 0.7786363 0.7786363 0.785 0.785 0.785 0.785 0.785 0.785 0.789 0.789 0.789 0.789 0.789 0.789 0.7903846 0.7903846 0.7903846 0.7903846 0.7903846 0.7903846 0.7903846 0.77 0.77 0.77 0.77 0.77 0.77 0.755 0.755 0.755 0.755 0.755 0.755 0 0 0 0 0 0 0 0 0 0 0 0 0 -2 -2 -2 -2 -2 -2 -2 -2 -2 -2 -2 -2 -2 -2 -2 -2 -2
0.7725 0.7725 0.7922727 0.7922727 0.7922727 0.7922727 0.783 0.783 0.795 0.795 0.795 0.795 0.795 0.7925 0.7786363 0.7786363 0.7786363 0.7786363 0.7786363 0.79125 0.79125 0.785 0.785 0.785 0.785 0.7759091 0.7759091 0.789 0.789 0.789 0.789 0.7834615 0.7834615 0.7903846 0.7903846 0.7903846 0.7903846 0.7903846 0.78 0.77 0.77 0.77 0.77 0.77 0.771 0.771 0.755 0.755 0.755 0.755 0.783 0.783 0 0 0 0 0.765 0.765 0 0 0 0 0 -2 -2 -2 -2 -2 -2 -2 -2 -2 -2 -2 -2 -2 -2 -2 -2 -2 -2
0.7725 0.7725 0.7725 0.7725 0.7922727 0.783 0.783 0.783 0.783 0.783 0.795 0.7925 0.7925 0.7925 0.7925 0.7925 0.7786363 0.79125 0.79125 0.79125 0.79125 0.79125 0.785 0.7759091 0.7759091 0.7759091 0.7759091 0.7759091 0.7759091 0.789 0.7834615 0.7834615 0.7834615 0.7834615 0.7834615 0.7903846 0.78 0.78 0.78 0.78 0.78 0.77 0.771 0.771 0.771 0.771 0.771 0.755 0.783 0.783 0.783 0.783 0.783 0.783 0 0.765 0.765 0.765 0.765 0.765 0 -2 -2 -2 -2 -2 -2 -2 -2 -2 -2 -2 -2 -2 -2 -2 -2 -2 -2 -2 -2
0.7725 0.7725 0.7725 0.7725 0.783 0.783 0.783 0.783 0.783 0.783 0.7925 0.7925 0.7925 0.7925 0.7925 0.7925 0.7925 0.79125 0.79125 0.79125 0.79125 0.79125 0.79125 0.7759091 0.7759091 0.7759091 0.7759091 0.7759091 0.7759091 0.7834615 0.7834615 0.7834615 0.7834615 0.7834615 0.7834615 0.78 0.78 0.78 0.78 0.78 0.78 0.78 0.771 0.771 0.771 0.771 0.771 0.771 0.783 0.783 0.783 0.783 0.783 0.783 0.765 0.765 0.765 0.765 0.765 0.765 -2 -2 -2 -2 -2 -2 -2 -2 -2 -2 -2 -2 -2 -2 -2 -2 -2 -2 -2 -2 -2
0.7725 0.7725 0.7725 0.7725 0.783 0.783 0.783 0.783 0.783 0.783 0.7925 0.7925 0.7925 0.7925 0.7925 0.7925 0.7925 0.79125 0.79125 0.79125 0.79125 0.79125 0.79125 0.7759091 0.7759091 0.7759091 0.7759091 0.7759091 0.7759091 0.7834615 0.7834615 0.7834615 0.7834615 0.7834615 0.7834615 0.78 0.78 0.78 0.78 0.78 0.78 0.78 0.771 0.771 0.771 0.771 0.771 0.771 0.783 0.783 0.783 0.783 0.783 0.783 0.765 0.765 0.765 0.765 0.765 0.765 -2 -2 -2 -2 -2 -2 -2 -2 -2 -2 -2 -2 -2 -2 -2 -2 -2 -2 -2 -2 -2
0.7725 0.7725 0.7725 0.7725 0.783 0.783 0.783 0.783 0.783 0.783 0.7925 0.7925 0.7925 0.7925 0.7925 0.7925 0.7925 0.79125 0.79125 0.79125 0.79125 0.79125 0.79125 0.7759091 0.7759091 0.7759091 0.7759091 0.7759091 0.7759091 0.7834615 0.7834615 0.7834615 0.7834615 0.7834615 0.7834615 0.78 0.78 0.78 0.78 0.78 0.78 0.78 0.771 0.771 0.771 0.771 0.771 0.771 0.783 0.783 0.783 0.783 0.783 0.783 0.765 0.765 0.765 0.765 0.765 0.765 -2 -2 -2 -2 -2 -2 -2 -2 -2 -2 -2 -2 -2 -2 -2 -2 -2 -2 -2 -2 -2
0.7725 0.7725 0.7725 0.7725 0.783 0.783 0.783 0.783 0.783 0.783 0.7907143 0.7925 0.7925 0.7925 0.7925 0.7925 0.78 0.79125 0.79125 0.79125 0.79125 0.79125 0.79125 0.7759091 0.7759091 0.7759091 0.7759091 0.7759091 0.7759091 0.7834615 0.7834615 0.7834615 0.7834615 0.7834615 0.7834615 0.7926923 0.78 0.78 0.78 0.78 0.78 0.753 0.771 0.771 0.771 0.771 0.771 0.771 0.783 0.783 0.783 0.783 0.783 0.783 0.765 0.765 0.765 0.765 0.765 0.765 0.7486364 -2 -2 -2 -2 -2 0.76125 -2 -2 -2 -2 -2 -2 -2 -2 -2 -2 -2 -2 -2 -2
0.7725 0.7725 0.7725 0.7725 0.7725 0.7725 0.783 0.783 0.7907143 0.7907143 0.7907143 0.7907143 0.7925 0.7925 0.7925 0.78 0.78 0.78 0.78 0.79125 0.79125 0.7725 0.7725 0.7725 0.7725 0.7759091 0.7759091 0.77 0.77 0.77 0.77 0.7834615 0.7834615 0.7926923 0.7926923 0.7926923 0.7926923 0.78 0.78 0.78 0.753 0.753 0.753 0.753 0.771 0.771 0.7875 0.7875 0.7875 0.7875 0.783 0.783 0.765 0.765 0.765 0.765 0.765 0.765 0.7486364 0.7486364 0.7486364 0.7486364 -2 -2 -2 0.76125 0.76125 0.76125 0.76125 -2 -2 -2 -2 -2 -2 -2 -2 -2 -2 -2 -2
0.7825 0.7725 0.7725 0.7725 0.7725 0.7725 0.7725 0.7907143 0.7907143 0.7907143 0.7907143 0.7907143 0.7907143 0.7907143 0.78 0.78 0.78 0.78 0.78 0.78 0.7725 0.7725 0.7725 0.7725 0.7725 0.7725 0.77 0.77 0.77 0.77 0.77 0.77 0.7926923 0.7926923 0.7926923 0.7926923 0.7926923 0.7926923 0.7926923 0.753 0.753 0.753 0.753 0.753 0.753 0.7875 0.7875 0.7875 0.7875 0.7875 0.7875 0.765 0.765 0.765 0.765 0.765 0.765 0.7486364 0.7486364 0.7486364 0.7486364 0.7486364 0.7486364 0.7486364 0.76125 0.76125 0.76125 0.76125 0.76125 0.76125 -2 -2 -2 -2 -2 -2 -2 -2 -2 -2 -2
0.7825 0.7725 0.7725 0.7725 0.7725 0.7725 0.7725 0.7907143 0.7907143 0.7907143 0.7907143 0.7907143 0.7907143 0.7907143 0.78 0.78 0.78 0.78 0.78 0.78 0.7725 0.7725 0.7725 0.7725 0.7725 0.7725 0.77 0.77 0.77 0.77 0.77 0.77 0.7926923 0.7926923 0.7926923 0.7926923 0.7926923 0.7926923 0.7926923 0.753 0.753 0.753 0.753 0.753 0.753 0.7875 0.7875 0.7875 0.7875 0.7875 0.7875 0.765 0.765 0.765 0.765 0.765 0.765 0.7486364 0.7486364 0.7486364 0.7486364 0.7486364 0.7486364 0.7486364 0.76125 0.76125 0.76125 0.76125 0.76125 0.76125 -2 -2 -2 -2 -2 -2 -2 -2 -2 -2 -2
0.7825 0.7725 0.7725 0.7725 0.7725 0.7725 0.7725 0.7907143 0.7907143 0.7907143 0.7907143 0.7907143 0.7907143 0.7907143 0.78 0.78 0.78 0.78 0.78 0.78 0.7725 0.7725 0.7725 0.7725 0.7725 0.7725 0.77 0.77 0.77 0.77 0.77 0.77 0.7926923 0.7926923 0.7926923 0.7926923 0.7926923 0.7926923 0.7926923 0.753 0.753 0.753 0.753 0.753 0.753 0.7875 0.7875 0.7875 0.7875 0.7875 0.7875 0.765 0.765 0.765 0.765 0.765 0.765 0.7486364 0.7486364 0.7486364 0.7486364 0.7486364 0.7486364 0.7486364 0.76125 0.76125 0.76125 0.76125 0.76125 0.76125 -2 -2 -2 -2 -2 -2 -2 -2 -2 -2 -2
0.7825 0.7725 0.7725 0.7725 0.7725 0.7725 0.7725 0.7907143 0.7907143 0.7907143 0.7907143 0.7907143 0.7907143 0.7907143 0.78 0.78 0.78 0.78 0.78 0.78 0.7725 0.7725 0.7725 0.7725 0.7725 0.7725 0.77 0.77 0.77 0.77 0.77 0.77 0.7926923 0.7926923 0.7926923 0.7926923 0.7926923 0.7926923 0.7926923 0.753 0.753 0.753 0.753 0.753 0.753 0.7875 0.7875 0.7875 0.7875 0.7875 0.7875 0.765 0.765 0.765 0.765 0.765 0.765 0.7486364 0.7486364 0.7486364 0.7486364 0.7486364 0.7486364 0.7486364 0.76125 0.76125 0.76125 0.76125 0.76125 0.76125 -2 -2 -2 -2 -2 -2 -2 -2 -2 -2 -2
0.76 0.76 0.7725 0.7725 0.7725 0.7725 0.7857692 0.7857692 0.7857692 0.7907143 0.7907143 0.7907143 0.7903846 0.7903846 0.7903846 0.78 0.78 0.78 0.795 0.795 0.795 0.7725 0.7725 0.7725 0.7725 0.7903846 0.7903846 0.77 0.77 0.77 0.77 0.795 0.795 0.795 0.7926923 0.7926923 0.7926923 0.7731818 0.7731818 0.7731818 0.753 0.753 0.753 0 0 0 0.7875 0.7875 0.7875 0.7875 0.765 0.765 0.765 0.765 0.765 0.765 0.765 0.765 0.765 0.7486364 0.7486364 0.7486364 0.765 0.765 0.765 0.76125 0.76125 0.76125 0.77 0.77 0.77 -2 -2 -2 -2 -2 -2 -2 -2 -2 -2
0.76 0.76 0.76 0.76 0.7857692 0.7857692 0.7857692 0.7857692 0.7857692 0.7857692 0.7903846 0.7903846 0.7903846 0.7903846 0.7903846 0.7903846 0.7903846 0.795 0.795 0.795 0.795 0.795 0.795 0.7903846 0.7903846 0.7903846 0.7903846 0.7903846 0.7903846 0.795 0.795 0.795 0.795 0.795 0.795 0.7731818 0.7731818 0.7731818 0.7731818 0.7731818 0.7731818 0.7731818 0 0 0 0 0 0 0.765 0.765 0.765 0.765 0.765 0.765 0.765 0.765 0.765 0.765 0.765 0.765 0.765 0.765 0.765 0.765 0.765 0.765 0.765 0.77 0.77 0.77 0.77 0.77 0.77 -2 -2 -2 -2 -2 -2 -2 -2
0.76 0.76 0.76 0.76 0.7857692 0.7857692 0.7857692 0.7857692 0.7857692 0.7857692 0.7903846 0.7903846 0.7903846 0.7903846 0.7903846 0.7903846 0.7903846 0.795 0.795 0.795 0.795 0.795 0.795 0.7903846 0.7903846 0.7903846 0.7903846 0.7903846 0.7903846 0.795 0.795 0.795 0.795 0.795 0.795 0.7731818 0.7731818 0.7731818 0.7731818 0.7731818 0.7731818 0.7731818 0 0 0 0 0 0 0.765 0.765 0.765 0.765 0.765 0.765 0.765 0.765 0.765 0.765 0.765 0.765 0.765 0.765 0.765 0.765 0.765 0.765 0.765 0.77 0.77 0.77 0.77 0.77 0.77 -2 -2 -2 -2 -2 -2 -2 -2
0.76 0.76 0.76 0.76 0.7857692 0.7857692 0.7857692 0.7857692 0.7857692 0.7857692 0.7903846 0.7903846 0.7903846 0.7903846 0.7903846 0.7903846 0.7903846 0.795 0.795 0.795 0.795 0.795 0.795 0.7903846 0.7903846 0.7903846 0.7903846 0.7903846 0.7903846 0.795 0.795 0.795 0.795 0.795 0.795 0.7731818 0.7731818 0.7731818 0.7731818 0.7731818 0.7731818 0.7731818 0 0 0 0 0 0 0.765 0.765 0.765 0.765 0.765 0.765 0.765 0.765 0.765 0.765 0.765 0.765 0.765 0.765 0.765 0.765 0.765 0.765 0.765 0.77 0.77 0.77 0.77 0.77 0.77 -2 -2 -2 -2 -2 -2 -2 -2
0.76 0.76 0.76 0.76 0.7857692 0.7857692 0.7857692 0.7857692 0.7857692 0.7857692 0.7903846 0.7903846 0.7903846 0.7903846 0.7903846 0.7903846 0.7903846 0.795 0.795 0.795 0.795 0.795 0.795 0.7903846 0.7903846 0.7903846 0.7903846 0.7903846 0.7903846 0.795 0.795 0.795 0.795 0.795 0.795 0.7731818 0.7731818 0.7731818 0.7731818 0.7731818 0.7731818 0.7731818 0 0 0 0 0 0 0.765 0.765 0.765 0.765 0.765 0.765 0.765 0.765 0.765 0.765 0.765 0.765 0.765 0.765 0.765 0.765 0.765 0.765 0.765 0.77 0.77 0.77 0.77 0.77 0.77 -2 -2 -2 -2 -2 -2 -2 -2
0.76 0.76 0.76 0.76 0.7783333 0.7857692 0.7857692 0.7857692 0.7857692 0.7857692 0.789 0.7903846 0.7903846 0.7903846 0.7903846 0.7903846 0.7926923 0.795 0.795 0.795 0.795 0.795 0.795 0.7903846 0.7903846 0.7903846 0.7903846 0.7903846 0.7903846 0.795 0.795 0.795 0.795 0.795 0.795 0.795 0.7731818 0.7731818 0.7731818 0.7731818 0.7731818 0.7875 0 0 0 0 0 0.72 0.765 0.765 0.765 0.765 0.765 0.765 0.755 0.765 0.765 0.765 0.765 0.765 0.75 0.765 0.765 0.765 0.765 0.765 -2 0.77 0.77 0.77 0.77 0.77 -2 -2 -2 -2 -2 -2 -2 -2 -2
0.76 0.76 0.7783333 0.7783333 0.7783333 0.7783333 0.7857692 0.7857692 0.789 0.789 0.789 0.789 0.789 0.7903846 0.7926923 0.7926923 0.7926923 0.7926923 0.7926923 0.795 0.795 0.795 0.795 0.795 0.795 0.7903846 0.7903846 0.795 0.795 0.795 0.795 0.795 0.795 0.795 0.795 0.795 0.795 0.795 0.7731818 0.7875 0.7875 0.7875 0.7875 0.7875 0 0 0.72 0.72 0.72 0.72 0.765 0.765 0.755 0.755 0.755 0.755 0.765 0.765 0.75 0.75 0.75 0.75 0.75 0.765 -2 -2 -2 -2 -2 0.77 0.77 -2 -2 -2 -2 -2 -2 -2 -2 -2 -2
0.765 0.7783333 0.7783333 0.7783333 0.7783333 0.7783333 0.7783333 0.789 0.789 0.789 0.789 0.789 0.789 0.789 0.7926923 0.7926923 0.7926923 0.7926923 0.7926923 0.7926923 0.795 0.795 0.795 0.795 0.795 0.795 0.795 0.795 0.795 0.795 0.795 0.795 0.795 0.795 0.795 0.795 0.795 0.795 0.795 0.7875 0.7875 0.7875 0.7875 0.7875 0.7875 0.72 0.72 0.72 0.72 0.72 0.72 0.755 0.755 0.755 0.755 0.755 0.755 0.75 0.75 0.75 0.75 0.75 0.75 0.75 -2 -2 -2 -2 -2 -2 -2 -2 -2 -2 -2 -2 -2 -2 -2 -2 -2
0.765 0.7783333 0.7783333 0.7783333 0.7783333 0.7783333 0.7783333 0.789 0.789 0.789 0.789 0.789 0.789 0.789 0.7926923 0.7926923 0.7926923 0.7926923 0.7926923 0.7926923 0.795 0.795 0.795 0.795 0.795 0.795 0.795 0.795 0.795 0.795 0.795 0.795 0.795 0.795 0.795 0.795 0.795 0.795 0.795 0.7875 0.7875 0.7875 0.7875 0.7875 0.7875 0.72 0.72 0.72 0.72 0.72 0.72 0.755 0.755 0.755 0.755 0.755 0.755 0.75 0.75 0.75 0.75 0.75 0.75 0.75 -2 -2 -2 -2 -2 -2 -2 -2 -2 -2 -2 -2 -2 -2 -2 -2 -2
0.765 0.7783333 0.7783333 0.7783333 0.7783333 0.7783333 0.7783333 0.789 0.789 0.789 0.789 0.789 0.789 0.789 0.7926923 0.7926923 0.7926923 0.7926923 0.7926923 0.7926923 0.795 0.795 0.795 0.795 0.795 0.795 0.795 0.795 0.795 0.795 0.795 0.795 0.795 0.795 0.795 0.795 0.795 0.795 0.795 0.7875 0.7875 0.7875 0.7875 0.7875 0.7875 0.72 0.72 0.72 0.72 0.72 0.72 0.755 0.755 0.755 0.755 0.755 0.755 0.75 0.75 0.75 0.75 0.75 0.75 0.75 -2 -2 -2 -2 -2 -2 -2 -2 -2 -2 -2 -2 -2 -2 -2 -2 -2
0.765 0.7783333 0.7783333 0.7783333 0.7783333 0.7783333 0.7783333 0.789 0.789 0.789 0.789 0.789 0.789 0.789 0.7926923 0.7926923 0.7926923 0.7926923 0.7926923 0.7926923 0.795 0.795 0.795 0.795 0.795 0.795 0.795 0.795 0.795 0.795 0.795 0.795 0.795 0.795 0.795 0.795 0.795 0.795 0.795 0.7875 0.7875 0.7875 0.7875 0.7875 0.7875 0.72 0.72 0.72 0.72 0.72 0.72 0.755 0.755 0.755 0.755 0.755 0.755 0.75 0.75 0.75 0.75 0.75 0.75 0.75 -2 -2 -2 -2 -2 -2 -2 -2 -2 -2 -2 -2 -2 -2 -2 -2 -2
0.7616667 0.7616667 0.7616667 0.7783333 0.7783333 0.7783333 0.7925 0.7925 0.7925 0.789 0.789 0.789 0.795 0.795 0.795 0.7926923 0.7926923 0.7926923 0.7635714 0.7635714 0.7635714 0.795 0.795 0.795 0.795 0.795 0.795 0.795 0.795 0.795 0.795 0.795 0.795 0.795 0.795 0.795 0.795 0.795 0.795 0.795 0.7875 0.7875 0.7875 0.7778571 0.7778571 0.7778571 0.72 0.72 0.72 0.7765385 0.7765385 0.7765385 0.7765385 0.755 0.755 0.755 0.7595454 0.7595454 0.7595454 0.75 0.75 0.75 0.771 0.771 0.771 -2 -2 -2 -2 -2 -2 -2 -2 -2 -2 -2 -2 -2 -2 -2 -2
0.7616667 0.7616667 0.7616667 0.7616667 0.7925 0.7925 0.7925 0.7925 0.7925 0.7925 0.795 0.795 0.795 0.795 0.795 0.795 0.795 0.7635714 0.7635714 0.7635714 0.7635714 0.7635714 0.7635714 0.795 0.795 0.795 0.795 0.795 0.795 0.795 0.795 0.795 0.795 0.795 0.795 0.795 0.795 0.795 0.795 0.795 0.795 0.795 0.7778571 0.7778571 0.7778571 0.7778571 0.7778571 0.7778571 0.7765385 0.7765385 0.7765385 0.7765385 0.7765385 0.7765385 0.7595454 0.7595454 0.7595454 0.7595454 0.7595454 0.7595454 0.771 0.771 0.771 0.771 0.771 0.771 0.771 -2 -2 -2 -2 -2 -2 -2 -2 -2 -2 -2 -2 -2 -2
0.7616667 0.7616667 0.7616667 0.7616667 0.7925 0.7925 0.7925 0.7925 0.7925 0.7925 0.795 0.795 0.795 0.795 0.795 0.795 0.795 0.7635714 0.7635714 0.7635714 0.7635714 0.7635714 0.7635714 0.795 0.795 0.795 0.795 0.795 0.795 0.795 0.795 0.795 0.795 0.795 0.795 0.795 0.795 0.795 0.795 0.795 0.795 0.795 0.7778571 0.7778571 0.7778571 0.7778571 0.7778571 0.7778571 0.7765385 0.7765385 0.7765385 0.7765385 0.7765385 0.7765385 0.7595454 0.7595454 0.7595454 0.7595454 0.7595454 0.7595454 0.771 0.771 0.771 0.771 0.771 0.771 0.771 -2 -2 -2 -2 -2 -2 -2 -2 -2 -2 -2 -2 -2 -2
0.7616667 0.7616667 0.7616667 0.7616667 0.7925 0.7925 0.7925 0.7925 0.7925 0.7925 0.795 0.795 0.795 0.795 0.795 0.795 0.795 0.7635714 0.7635714 0.7635714 0.7635714 0.7635714 0.7635714 0.795 0.795 0.795 0.795 0.795 0.795 0.795 0.795 0.795 0.795 0.795 0.795 0.795 0.795 0.795 0.795 0.795 0.795 0.795 0.7778571 0.7778571 0.7778571 0.7778571 0.7778571 0.7778571 0.7765385 0.7765385 0.7765385 0.7765385 0.7765385 0.7765385 0.7595454 0.7595454 0.7595454 0.7595454 0.7595454 0.7595454 0.771 0.771 0.771 0.771 0.771 0.771 0.771 -2 -2 -2 -2 -2 -2 -2 -2 -2 -2 -2 -2 -2 -2
0.7616667 0.7616667 0.7616667 0.7616667 0.7925 0.7925 0.7925 0.7925 0.7925 0.7925 0.795 0.795 0.795 0.795 0.795 0.795 0.795 0.7635714 0.7635714 0.7635714 0.7635714 0.7635714 0.7635714 0.795 0.795 0.795 0.795 0.795 0.795 0.795 0.795 0.795 0.795 0.795 0.795 0.795 0.795 0.795 0.795 0.795 0.795 0.795 0.7778571 0.7778571 0.7778571 0.7778571 0.7778571 0.7778571 0.7765385 0.7765385 0.7765385 0.7765385 0.7765385 0.7765385 0.7595454 0.7595454 0.7595454 0.7595454 0.7595454 0.7595454 0.771 0.771 0.771 0.771 0.771 0.771 0.771 -2 -2 -2 -2 -2 -2 -2 -2 -2 -2 -2 -2 -2 -2
0.7616667 0.7616667 0.7616667 0 0 0.7925 0.7925 0.7925 0.7925 0.7925 0.702 0.795 0.795 0.795 0.795 0.795 0.5722222 0.7635714 0.7635714 0.7635714 0.7635714 0.7635714 0.7508333 0.7508333 0.795 0.795 0.795 0.795 0.7903846 0.7903846 0.795 0.795 0.795 0.795 0.795 0.7880769 0.795 0.795 0.795 0.795 0.795 0.7883334 0.7778571 0.7778571 0.7778571 0.7778571 0.7778571 0.7895455 0.7895455 0.7765385 0.7765385 0.7765385 0.7765385 0.7907143 0.7907143 0.7595454 0.7595454 0.7595454 0.7595454 0.7595454 0.768 0.771 0.771 0.771 0.771 0.771 0.78 -2 -2 -2 -2 -2 0.795 0.795 -2 -2 -2 -2 -2 -2 -2
0.7616667 0.7616667 0 0 0 0 0 0.7925 0.702 0.702 0.702 0.702 0.702 0.795 0.5722222 0.5722222 0.5722222 0.5722222 0.5722222 0.7635714 0.7508333 0.7508333 0.7508333 0.7508333 0.7508333 0.795 0.795 0.7903846 0.7903846 0.7903846 0.7903846 0.7903846 0.795 0.7880769 0.7880769 0.7880769 0.7880769 0.7880769 0.795 0.7883334 0.7883334 0.7883334 0.7883334 0.7883334 0.7778571 0.7895455 0.7895455 0.7895455 0.7895455 0.7895455 0.7765385 0.7765385 0.7907143 0.7907143 0.7907143 0.7907143 0.7907143 0.7595454 0.768 0.768 0.768 0.768 0.768 0.771 0.78 0.78 0.78 0.78 0.78 -2 0.795 0.795 0.795 0.795 0.795 -2 -2 -2 -2 -2 -2
0 0 0 0 0 0 0 0.702 0.702 0.702 0.702 0.702 0.702 0.702 0.5722222 0.5722222 0.5722222 0.5722222 0.5722222 0.5722222 0.7508333 0.7508333 0.7508333 0.7508333 0.7508333 0.7508333 0.7903846 0.7903846 0.7903846 0.7903846 0.7903846 0.7903846 0.7880769 0.7880769 0.7880769 0.7880769 0.7880769 0.7880769 0.7880769 0.7883334 0.7883334 0.7883334 0.7883334 0.7883334 0.7883334 0.7895455 0.7895455 0.7895455 0.7895455 0.7895455 0.7895455 0.7907143 0.7907143 0.7907143 0.7907143 0.7907143 0.7907143 0.768 0.768 0.768 0.768 0.768 0.768 0.768 0.78 0.78 0.78 0.78 0.78 0.78 0.795 0.795 0.795 0.795 0.795 0.795 -2 -2 -2 -2 -2
0 0 0 0 0 0 0 0.702 0.702 0.702 0.702 0.702 0.702 0.702 0.5722222 0.5722222 0.5722222 0.5722222 0.5722222 0.5722222 0.7508333 0.7508333 0.7508333 0.7508333 0.7508333 0.7508333 0.7903846 0.7903846 0.7903846 0.7903846 0.7903846 0.7903846 0.7880769 0.7880769 0.7880769 0.7880769 0.7880769 0.7880769 0.7880769 0.7883334 0.7883334 0.7883334 0.7883334 0.7883334 0.7883334 0.7895455 0.7895455 0.7895455 0.7895455 0.7895455 0.7895455 0.7907143 0.7907143 0.7907143 0.7907143 0.7907143 0.7907143 0.768 0.768 0.768 0.768 0.768 0.768 0.768 0.78 0.78 0.78 0.78 0.78 0.78 0.795 0.795 0.795 0.795 0.795 0.795 -2 -2 -2 -2 -2
0 0 0 0 0 0 0 0.702 0.702 0.702 0.702 0.702 0.702 0.702 0.5722222 0.5722222 0.5722222 0.5722222 0.5722222 0.5722222 0.7508333 0.7508333 0.7508333 0.7508333 0.7508333 0.7508333 0.7903846 0.7903846 0.7903846 0.7903846 0.7903846 0.7903846 0.7880769 0.7880769 0.7880769 0.7880769 0.7880769 0.7880769 0.7880769 0.7883334 0.7883334 0.7883334 0.7883334 0.7883334 0.7883334 0.7895455 0.7895455 0.7895455 0.7895455 0.7895455 0.7895455 0.7907143 0.7907143 0.7907143 0.7907143 0.7907143 0.7907143 0.768 0.768 0.768 0.768 0.768 0.768 0.768 0.78 0.78 0.78 0.78 0.78 0.78 0.795 0.795 0.795 0.795 0.795 0.795 -2 -2 -2 -2 -2
0 0 0 0 0 0 0 0.702 0.702 0.702 0.702 0.702 0.702 0.5305555 0.5722222 0.5722222 0.5722222 0.5722222 0.5722222 0.5722222 0.7508333 0.7508333 0.7508333 0.7508333 0.7508333 0.7508333 0.7903846 0.7903846 0.7903846 0.7903846 0.7903846 0.7903846 0.7880769 0.7880769 0.7880769 0.7880769 0.7880769 0.7880769 0.7840909 0.7883334 0.7883334 0.7883334 0.7883334 0.7883334 0.7883334 0.7895455 0.7895455 0.7895455 0.7895455 0.7895455 0.7895455 0.7907143 0.7907143 0.7907143 0.7907143 0.7907143 0.7907143 0.768 0.768 0.768 0.768 0.768 0.768 0.786 0.78 0.78 0.78 0.78 0.78 0.78 0.795 0.795 0.795 0.795 0.795 0.795 -2 -2 -2 -2 -2
0 0 0 0 0 0 0 0 0 0.702 0.702 0.702 0.5305555 0.5305555 0.5305555 0.5722222 0.5722222 0.5722222 0.6057143 0.6057143 0.6057143 0.6057143 0.7508333 0.7508333 0.7742308 0.7742308 0.7742308 0.7742308 0.7903846 0.7903846 0.735 0.735 0.735 0.735 0.7880769 0.7880769 0.7880769 0.7840909 0.7840909 0.7840909 0.7883334 0.7883334 0.7883334 0.7788461 0.7788461 0.7788461 0.7788461 0.7895455 0.7895455 0.78 0.78 0.78 0.78 0.7907143 0.7907143 0.775 0.775 0.775 0.775 0.768 0.768 0.768 0.786 0.786 0.786 0.78 0.78 0.78 0.7759091 0.7759091 0.7759091 0.7759091 0.795 0.795 0.7775 0.7775 0.7775 0.7775 -2 -2 -2
