input/Helperscripts_for_Input/nws/soilfertilityfrompatch.asc
NCOLS 406 
NROWS 256 
XLLCORNER 301413.09 
YLLCORNER 5677998.2720308 
CELLSIZE 160 
NODATA_value -9999 
[rows 130 to 155 of 256, columns 174 to 231 of 406]
0.771923124790192 0.771923124790192 0.771923124790192 0.764999985694885 0.764999985694885 0.764999985694885 0.771923124790192 0.771923124790192 0.771923124790192 0.774230778217316 0.774230778217316 0.774230778217316 0.788571417331696 0.788571417331696 0.788571417331696 0.764999985694885 0.764999985694885 0.764999985694885 0.781666696071625 0.781666696071625 0.781666696071625 0.788571417331696 0.788571417331696 0.788571417331696 0.771666586399078 0.771666586399078 0.771666586399078 0.771666586399078 0.786818206310272 0.786818206310272 0.786818206310272 0.774999976158142 0.774999976158142 0.774999976158142 0.790384590625763 0.790384590625763 0.790384590625763 0.77999997138977 0.77999997138977 0.77999997138977 0.788076877593994 0.788076877593994 0.788076877593994 0.712499976158142 0.712499976158142 0.712499976158142 0 0 0 0 0 0 0 0 0 0 0.683076918125153 0.683076918125153
0.735000014305115 0.764999985694885 0.764999985694885 0.764999985694885 0.764999985694885 0.764999985694885 0.764999985694885 0.774230778217316 0.774230778217316 0.774230778217316 0.774230778217316 0.774230778217316 0.774230778217316 0.788571417331696 0.764999985694885 0.764999985694885 0.764999985694885 0.764999985694885 0.764999985694885 0.764999985694885 0.788571417331696 0.788571417331696 0.788571417331696 0.788571417331696 0.788571417331696 0.788571417331696 0.786818206310272 0.786818206310272 0.786818206310272 0.786818206310272 0.786818206310272 0.786818206310272 0.790384590625763 0.790384590625763 0.790384590625763 0.790384590625763 0.790384590625763 0.790384590625763 0.77999997138977 0.788076877593994 0.788076877593994 0.788076877593994 0.788076877593994 0.788076877593994 0.788076877593994 0 0 0 0 0 0 0 0 0 0 0 0 0.668571412563324
0.735000014305115 0.764999985694885 0.764999985694885 0.764999985694885 0.764999985694885 0.764999985694885 0.764999985694885 0.774230778217316 0.774230778217316 0.774230778217316 0.774230778217316 0.774230778217316 0.774230778217316 0.774230778217316 0.764999985694885 0.764999985694885 0.764999985694885 0.764999985694885 0.764999985694885 0.764999985694885 0.788571417331696 0.788571417331696 0.788571417331696 0.788571417331696 0.788571417331696 0.788571417331696 0.786818206310272 0.786818206310272 0.786818206310272 0.786818206310272 0.786818206310272 0.786818206310272 0.790384590625763 0.790384590625763 0.790384590625763 0.790384590625763 0.790384590625763 0.790384590625763 0.790384590625763 0.788076877593994 0.788076877593994 0.788076877593994 0.788076877593994 0.788076877593994 0.788076877593994 0 0 0 0 0 0 0 0 0 0 0 0 0.668571412563324
0.735000014305115 0.764999985694885 0.764999985694885 0.764999985694885 0.764999985694885 0.764999985694885 0.764999985694885 0.774230778217316 0.774230778217316 0.774230778217316 0.774230778217316 0.774230778217316 0.774230778217316 0.774230778217316 0.764999985694885 0.764999985694885 0.764999985694885 0.764999985694885 0.764999985694885 0.764999985694885 0.788571417331696 0.788571417331696 0.788571417331696 0.788571417331696 0.788571417331696 0.788571417331696 0.786818206310272 0.786818206310272 0.786818206310272 0.786818206310272 0.786818206310272 0.786818206310272 0.790384590625763 0.790384590625763 0.790384590625763 0.790384590625763 0.790384590625763 0.790384590625763 0.790384590625763 0.788076877593994 0.788076877593994 0.788076877593994 0.788076877593994 0.788076877593994 0.788076877593994 0 0 0 0 0 0 0 0 0 0 0 0 0.668571412563324
0.735000014305115 0.764999985694885 0.764999985694885 0.764999985694885 0.764999985694885 0.764999985694885 0.764999985694885 0.774230778217316 0.774230778217316 0.774230778217316 0.774230778217316 0.774230778217316 0.774230778217316 0.774230778217316 0.764999985694885 0.764999985694885 0.764999985694885 0.764999985694885 0.764999985694885 0.764999985694885 0.788571417331696 0.788571417331696 0.788571417331696 0.788571417331696 0.788571417331696 0.788571417331696 0.786818206310272 0.786818206310272 0.786818206310272 0.786818206310272 0.786818206310272 0.786818206310272 0.790384590625763 0.790384590625763 0.790384590625763 0.790384590625763 0.790384590625763 0.790384590625763 0.790384590625763 0.788076877593994 0.788076877593994 0.788076877593994 0.788076877593994 0.788076877593994 0.788076877593994 0 0 0 0 0 0 0 0 0 0 0 0 0.668571412563324
0.778333306312561 0.778333306312561 0.764999985694885 0.764999985694885 0.764999985694885 0.764999985694885 0.764999985694885 0.790384590625763 0.774230778217316 0.774230778217316 0.774230778217316 0.774230778217316 0.774230778217316 0.77999997138977 0.764999985694885 0.764999985694885 0.764999985694885 0.764999985694885 0.764999985694885 0.771000027656555 0.788571417331696 0.788571417331696 0.788571417331696 0.788571417331696 0.788571417331696 0.77571427822113 0.77571427822113 0.786818206310272 0.786818206310272 0.786818206310272 0.786818206310272 0.786818206310272 0.786428570747375 0.790384590625763 0.790384590625763 0.790384590625763 0.790384590625763 0.790384590625763 0.790000021457672 0.788076877593994 0.788076877593994 0.788076877593994 0.788076877593994 0.788076877593994 -2 0 0 0 0 0 0.7950000166893 0.7950000166893 0 0 0 0 0 0
0.778333306312561 0.778333306312561 0.778333306312561 0.764999985694885 0.764999985694885 0.790384590625763 0.790384590625763 0.790384590625763 0.790384590625763 0.790384590625763 0.774230778217316 0.77999997138977 0.77999997138977 0.77999997138977 0.77999997138977 0.77999997138977 0.764999985694885 0.771000027656555 0.771000027656555 0.771000027656555 0.771000027656555 0.771000027656555 0.788571417331696 0.788571417331696 0.77571427822113 0.77571427822113 0.77571427822113 0.77571427822113 0.786818206310272 0.786818206310272 0.786428570747375 0.786428570747375 0.786428570747375 0.786428570747375 0.786428570747375 0.790384590625763 0.790000021457672 0.790000021457672 0.790000021457672 0.790000021457672 0.790000021457672 0.788076877593994 -2 -2 -2 -2 -2 0 0 0.7950000166893 0.7950000166893 0.7950000166893 0.7950000166893 0 0 0 0 0
0.778333306312561 0.778333306312561 0.778333306312561 0.778333306312561 0.790384590625763 0.790384590625763 0.790384590625763 0.790384590625763 0.790384590625763 0.790384590625763 0.77999997138977 0.77999997138977 0.77999997138977 0.77999997138977 0.77999997138977 0.77999997138977 0.77999997138977 0.771000027656555 0.771000027656555 0.771000027656555 0.771000027656555 0.771000027656555 0.771000027656555 0.77571427822113 0.77571427822113 0.77571427822113 0.77571427822113 0.77571427822113 0.77571427822113 0.786428570747375 0.786428570747375 0.786428570747375 0.786428570747375 0.786428570747375 0.786428570747375 0.790000021457672 0.790000021457672 0.790000021457672 0.790000021457672 0.790000021457672 0.790000021457672 0.790000021457672 -2 -2 -2 -2 -2 -2 0.7950000166893 0.7950000166893 0.7950000166893 0.7950000166893 0.7950000166893 0.7950000166893 0 0 0 0
0.778333306312561 0.778333306312561 0.778333306312561 0.778333306312561 0.790384590625763 0.790384590625763 0.790384590625763 0.790384590625763 0.790384590625763 0.790384590625763 0.77999997138977 0.77999997138977 0.77999997138977 0.77999997138977 0.77999997138977 0.77999997138977 0.77999997138977 0.771000027656555 0.771000027656555 0.771000027656555 0.771000027656555 0.771000027656555 0.771000027656555 0.77571427822113 0.77571427822113 0.77571427822113 0.77571427822113 0.77571427822113 0.77571427822113 0.786428570747375 0.786428570747375 0.786428570747375 0.786428570747375 0.786428570747375 0.786428570747375 0.790000021457672 0.790000021457672 0.790000021457672 0.790000021457672 0.790000021457672 0.790000021457672 0.790000021457672 -2 -2 -2 -2 -2 -2 0.7950000166893 0.7950000166893 0.7950000166893 0.7950000166893 0.7950000166893 0.7950000166893 0 0 0 0
0.778333306312561 0.778333306312561 0.778333306312561 0.778333306312561 0.790384590625763 0.790384590625763 0.790384590625763 0.790384590625763 0.790384590625763 0.790384590625763 0.77999997138977 0.77999997138977 0.77999997138977 0.77999997138977 0.77999997138977 0.77999997138977 0.77999997138977 0.771000027656555 0.771000027656555 0.771000027656555 0.771000027656555 0.771000027656555 0.771000027656555 0.77571427822113 0.77571427822113 0.77571427822113 0.77571427822113 0.77571427822113 0.77571427822113 0.786428570747375 0.786428570747375 0.786428570747375 0.786428570747375 0.786428570747375 0.786428570747375 0.790000021457672 0.790000021457672 0.790000021457672 0.790000021457672 0.790000021457672 0.790000021457672 0.790000021457672 -2 -2 -2 -2 -2 -2 0.7950000166893 0.7950000166893 0.7950000166893 0.7950000166893 0.7950000166893 0.7950000166893 0 0 0 0
0.778333306312561 0.778333306312561 0.778333306312561 0.778333306312561 0.790384590625763 0.790384590625763 0.790384590625763 0.790384590625763 0.790384590625763 0.790384590625763 0.77999997138977 0.77999997138977 0.77999997138977 0.77999997138977 0.77999997138977 0.77999997138977 0.77999997138977 0.771000027656555 0.771000027656555 0.771000027656555 0.771000027656555 0.771000027656555 0.771000027656555 0.77571427822113 0.77571427822113 0.77571427822113 0.77571427822113 0.77571427822113 0.77571427822113 0.786428570747375 0.786428570747375 0.786428570747375 0.786428570747375 0.786428570747375 0.786428570747375 0.790000021457672 0.790000021457672 0.790000021457672 0.790000021457672 0.790000021457672 0.790000021457672 0.790000021457672 -2 -2 -2 -2 -2 -2 0.7950000166893 0.7950000166893 0.7950000166893 0.7950000166893 0.7950000166893 0.7950000166893 0 0 0 0
0.778333306312561 0.778333306312561 0.781153917312622 0.781153917312622 0.781153917312622 0.781153917312622 0.790384590625763 0.790384590625763 0.790384590625763 0.774999976158142 0.774999976158142 0.774999976158142 0.77999997138977 0.77999997138977 0.77999997138977 0.788076877593994 0.788076877593994 0.788076877593994 0.771000027656555 0.771000027656555 0.771000027656555 0.788571417331696 0.788571417331696 0.788571417331696 0.788571417331696 0.77571427822113 0.77571427822113 0.785000026226044 0.785000026226044 0.785000026226044 0.785000026226044 0.786428570747375 0.786428570747375 0.786428570747375 0.773571372032166 0.773571372032166 0.773571372032166 0.790000021457672 0.790000021457672 0.790000021457672 0.77999997138977 0.77999997138977 0.77999997138977 -2 -2 -2 0.764999985694885 0.764999985694885 0.764999985694885 0.764999985694885 0.7950000166893 0.7950000166893 0.7950000166893 0.7950000166893 0.7950000166893 0.7950000166893 0 0
0.764999985694885 0.781153917312622 0.781153917312622 0.781153917312622 0.781153917312622 0.781153917312622 0.781153917312622 0.774999976158142 0.774999976158142 0.774999976158142 0.774999976158142 0.774999976158142 0.774999976158142 0.774999976158142 0.788076877593994 0.788076877593994 0.788076877593994 0.788076877593994 0.788076877593994 0.788076877593994 0.788571417331696 0.788571417331696 0.788571417331696 0.788571417331696 0.788571417331696 0.788571417331696 0.785000026226044 0.785000026226044 0.785000026226044 0.785000026226044 0.785000026226044 0.785000026226044 0.773571372032166 0.773571372032166 0.773571372032166 0.773571372032166 0.773571372032166 0.773571372032166 0.773571372032166 0.77999997138977 0.77999997138977 0.77999997138977 0.77999997138977 0.77999997138977 0.77999997138977 0.764999985694885 0.764999985694885 0.764999985694885 0.764999985694885 0.764999985694885 0.764999985694885 0.7950000166893 0.7950000166893 0.7950000166893 0.7950000166893 0.7950000166893 0.7950000166893 0.689999997615814
0.764999985694885 0.781153917312622 0.781153917312622 0.781153917312622 0.781153917312622 0.781153917312622 0.781153917312622 0.774999976158142 0.774999976158142 0.774999976158142 0.774999976158142 0.774999976158142 0.774999976158142 0.774999976158142 0.788076877593994 0.788076877593994 0.788076877593994 0.788076877593994 0.788076877593994 0.788076877593994 0.788571417331696 0.788571417331696 0.788571417331696 0.788571417331696 0.788571417331696 0.788571417331696 0.785000026226044 0.785000026226044 0.785000026226044 0.785000026226044 0.785000026226044 0.785000026226044 0.773571372032166 0.773571372032166 0.773571372032166 0.773571372032166 0.773571372032166 0.773571372032166 0.773571372032166 0.77999997138977 0.77999997138977 0.77999997138977 0.77999997138977 0.77999997138977 0.77999997138977 0.764999985694885 0.764999985694885 0.764999985694885 0.764999985694885 0.764999985694885 0.764999985694885 0.7950000166893 0.7950000166893 0.7950000166893 0.7950000166893 0.7950000166893 0.7950000166893 0.689999997615814
0.764999985694885 0.781153917312622 0.781153917312622 0.781153917312622 0.781153917312622 0.781153917312622 0.781153917312622 0.774999976158142 0.774999976158142 0.774999976158142 0.774999976158142 0.774999976158142 0.774999976158142 0.774999976158142 0.788076877593994 0.788076877593994 0.788076877593994 0.788076877593994 0.788076877593994 0.788076877593994 0.788571417331696 0.788571417331696 0.788571417331696 0.788571417331696 0.788571417331696 0.788571417331696 0.785000026226044 0.785000026226044 0.785000026226044 0.785000026226044 0.785000026226044 0.785000026226044 0.773571372032166 0.773571372032166 0.773571372032166 0.773571372032166 0.773571372032166 0.773571372032166 0.773571372032166 0.77999997138977 0.77999997138977 0.77999997138977 0.77999997138977 0.77999997138977 0.77999997138977 0.764999985694885 0.764999985694885 0.764999985694885 0.764999985694885 0.764999985694885 0.764999985694885 0.7950000166893 0.7950000166893 0.7950000166893 0.7950000166893 0.7950000166893 0.7950000166893 0.689999997615814
0.764999985694885 0.781153917312622 0.781153917312622 0.781153917312622 0.781153917312622 0.781153917312622 0.781153917312622 0.774999976158142 0.774999976158142 0.774999976158142 0.774999976158142 0.774999976158142 0.774999976158142 0.774999976158142 0.788076877593994 0.788076877593994 0.788076877593994 0.788076877593994 0.788076877593994 0.788076877593994 0.788571417331696 0.788571417331696 0.788571417331696 0.788571417331696 0.788571417331696 0.788571417331696 0.785000026226044 0.785000026226044 0.785000026226044 0.785000026226044 0.785000026226044 0.785000026226044 0.773571372032166 0.773571372032166 0.773571372032166 0.773571372032166 0.773571372032166 0.773571372032166 0.773571372032166 0.77999997138977 0.77999997138977 0.77999997138977 0.77999997138977 0.77999997138977 0.77999997138977 0.764999985694885 0.764999985694885 0.764999985694885 0.764999985694885 0.764999985694885 0.764999985694885 0.7950000166893 0.7950000166893 0.7950000166893 0.7950000166893 0.7950000166893 0.7950000166893 0.689999997615814
0.784285724163055 0.784285724163055 0.781153917312622 0.781153917312622 0.781153917312622 0.781153917312622 0.774999976158142 0.774999976158142 0.774999976158142 0.774999976158142 0.774999976158142 0.774999976158142 0.774999976158142 0.785000026226044 0.788076877593994 0.788076877593994 0.788076877593994 0.788076877593994 0.788076877593994 0.774999976158142 0.774999976158142 0.788571417331696 0.788571417331696 0.788571417331696 0.788571417331696 0.7950000166893 0.7950000166893 0.785000026226044 0.785000026226044 0.785000026226044 0.785000026226044 0.782999992370605 0.782999992370605 0.773571372032166 0.773571372032166 0.773571372032166 0.773571372032166 0.773571372032166 0.764999985694885 0.77999997138977 0.77999997138977 0.77999997138977 0.77999997138977 0.77999997138977 0.764999985694885 0.764999985694885 0.764999985694885 0.764999985694885 0.764999985694885 0.764999985694885 0.77999997138977 0.77999997138977 0.7950000166893 0.7950000166893 0.7950000166893 0.7950000166893 0.786923110485077 0.786923110485077
0.784285724163055 0.784285724163055 0.784285724163055 0.784285724163055 0.781153917312622 0.774999976158142 0.774999976158142 0.774999976158142 0.774999976158142 0.774999976158142 0.774999976158142 0.785000026226044 0.785000026226044 0.785000026226044 0.785000026226044 0.785000026226044 0.788076877593994 0.774999976158142 0.774999976158142 0.774999976158142 0.774999976158142 0.774999976158142 0.788571417331696 0.7950000166893 0.7950000166893 0.7950000166893 0.7950000166893 0.7950000166893 0.7950000166893 0.785000026226044 0.782999992370605 0.782999992370605 0.782999992370605 0.782999992370605 0.782999992370605 0.773571372032166 0.764999985694885 0.764999985694885 0.764999985694885 0.764999985694885 0.764999985694885 0.77999997138977 0.764999985694885 0.764999985694885 0.764999985694885 0.764999985694885 0.764999985694885 0.764999985694885 0.77999997138977 0.77999997138977 0.77999997138977 0.77999997138977 0.77999997138977 0.77999997138977 0.7950000166893 0.786923110485077 0.786923110485077 0.786923110485077
0.784285724163055 0.784285724163055 0.784285724163055 0.784285724163055 0.774999976158142 0.774999976158142 0.774999976158142 0.774999976158142 0.774999976158142 0.774999976158142 0.785000026226044 0.785000026226044 0.785000026226044 0.785000026226044 0.785000026226044 0.785000026226044 0.785000026226044 0.774999976158142 0.774999976158142 0.774999976158142 0.774999976158142 0.774999976158142 0.774999976158142 0.7950000166893 0.7950000166893 0.7950000166893 0.7950000166893 0.7950000166893 0.7950000166893 0.782999992370605 0.782999992370605 0.782999992370605 0.782999992370605 0.782999992370605 0.782999992370605 0.764999985694885 0.764999985694885 0.764999985694885 0.764999985694885 0.764999985694885 0.764999985694885 0.764999985694885 0.764999985694885 0.764999985694885 0.764999985694885 0.764999985694885 0.764999985694885 0.764999985694885 0.77999997138977 0.77999997138977 0.77999997138977 0.77999997138977 0.77999997138977 0.77999997138977 0.786923110485077 0.786923110485077 0.786923110485077 0.786923110485077
0.784285724163055 0.784285724163055 0.784285724163055 0.784285724163055 0.774999976158142 0.774999976158142 0.774999976158142 0.774999976158142 0.774999976158142 0.774999976158142 0.785000026226044 0.785000026226044 0.785000026226044 0.785000026226044 0.785000026226044 0.785000026226044 0.785000026226044 0.774999976158142 0.774999976158142 0.774999976158142 0.774999976158142 0.774999976158142 0.774999976158142 0.7950000166893 0.7950000166893 0.7950000166893 0.7950000166893 0.7950000166893 0.7950000166893 0.782999992370605 0.782999992370605 0.782999992370605 0.782999992370605 0.782999992370605 0.782999992370605 0.764999985694885 0.764999985694885 0.764999985694885 0.764999985694885 0.764999985694885 0.764999985694885 0.764999985694885 0.764999985694885 0.764999985694885 0.764999985694885 0.764999985694885 0.764999985694885 0.764999985694885 0.77999997138977 0.77999997138977 0.77999997138977 0.77999997138977 0.77999997138977 0.77999997138977 0.786923110485077 0.786923110485077 0.786923110485077 0.786923110485077
0.784285724163055 0.784285724163055 0.784285724163055 0.784285724163055 0.774999976158142 0.774999976158142 0.774999976158142 0.774999976158142 0.774999976158142 0.774999976158142 0.785000026226044 0.785000026226044 0.785000026226044 0.785000026226044 0.785000026226044 0.785000026226044 0.785000026226044 0.774999976158142 0.774999976158142 0.774999976158142 0.774999976158142 0.774999976158142 0.774999976158142 0.7950000166893 0.7950000166893 0.7950000166893 0.7950000166893 0.7950000166893 0.7950000166893 0.782999992370605 0.782999992370605 0.782999992370605 0.782999992370605 0.782999992370605 0.782999992370605 0.764999985694885 0.764999985694885 0.764999985694885 0.764999985694885 0.764999985694885 0.764999985694885 0.764999985694885 0.764999985694885 0.764999985694885 0.764999985694885 0.764999985694885 0.764999985694885 0.764999985694885 0.77999997138977 0.77999997138977 0.77999997138977 0.77999997138977 0.77999997138977 0.77999997138977 0.786923110485077 0.786923110485077 0.786923110485077 0.786923110485077
0.784285724163055 0.784285724163055 0.784285724163055 0.784285724163055 0.774999976158142 0.774999976158142 0.774999976158142 0.774999976158142 0.774999976158142 0.774999976158142 0.77571427822113 0.785000026226044 0.785000026226044 0.785000026226044 0.785000026226044 0.785000026226044 0.782999992370605 0.774999976158142 0.774999976158142 0.774999976158142 0.774999976158142 0.774999976158142 0.774999976158142 0.7950000166893 0.7950000166893 0.7950000166893 0.7950000166893 0.7950000166893 0.7950000166893 0.782999992370605 0.782999992370605 0.782999992370605 0.782999992370605 0.782999992370605 0.782999992370605 0 0.764999985694885 0.764999985694885 0.764999985694885 0.764999985694885 0.764999985694885 0.774999976158142 0.764999985694885 0.764999985694885 0.764999985694885 0.764999985694885 0.764999985694885 0.764999985694885 0.77999997138977 0.77999997138977 0.77999997138977 0.77999997138977 0.77999997138977 0.77999997138977 0.786923110485077 0.786923110485077 0.786923110485077 0.786923110485077
0.784285724163055 0.784285724163055 0.753461480140686 0.753461480140686 0.753461480140686 0.753461480140686 0.774999976158142 0.774999976158142 0.77571427822113 0.77571427822113 0.77571427822113 0.77571427822113 0.785000026226044 0.785000026226044 0.785000026226044 0.782999992370605 0.782999992370605 0.782999992370605 0.782999992370605 0.774999976158142 0.774999976158142 0.7950000166893 0.7950000166893 0.7950000166893 0.7950000166893 0.7950000166893 0.7950000166893 0 0 0 0 0.782999992370605 0.782999992370605 0 0 0 0 0.764999985694885 0.764999985694885 0.764999985694885 0.774999976158142 0.774999976158142 0.774999976158142 0.774999976158142 0.764999985694885 0.764999985694885 0.764999985694885 0.764999985694885 0.764999985694885 0.764999985694885 0.77999997138977 0.77999997138977 0.788571417331696 0.788571417331696 0.788571417331696 0.788571417331696 0.786923110485077 0.786923110485077
0.755999982357025 0.753461480140686 0.753461480140686 0.753461480140686 0.753461480140686 0.753461480140686 0.753461480140686 0.77571427822113 0.77571427822113 0.77571427822113 0.77571427822113 0.77571427822113 0.77571427822113 0.77571427822113 0.782999992370605 0.782999992370605 0.782999992370605 0.782999992370605 0.782999992370605 0.782999992370605 0.7950000166893 0.7950000166893 0.7950000166893 0.7950000166893 0.7950000166893 0.7950000166893 0 0 0 0 0 0 0 0 0 0 0 0 0 0.774999976158142 0.774999976158142 0.774999976158142 0.774999976158142 0.774999976158142 0.774999976158142 0.764999985694885 0.764999985694885 0.764999985694885 0.764999985694885 0.764999985694885 0.764999985694885 0.788571417331696 0.788571417331696 0.788571417331696 0.788571417331696 0.788571417331696 0.788571417331696 0.754615426063538
0.755999982357025 0.753461480140686 0.753461480140686 0.753461480140686 0.753461480140686 0.753461480140686 0.753461480140686 0.77571427822113 0.77571427822113 0.77571427822113 0.77571427822113 0.77571427822113 0.77571427822113 0.77571427822113 0.782999992370605 0.782999992370605 0.782999992370605 0.782999992370605 0.782999992370605 0.782999992370605 0.7950000166893 0.7950000166893 0.7950000166893 0.7950000166893 0.7950000166893 0.7950000166893 0 0 0 0 0 0 0 0 0 0 0 0 0 0.774999976158142 0.774999976158142 0.774999976158142 0.774999976158142 0.774999976158142 0.774999976158142 0.764999985694885 0.764999985694885 0.764999985694885 0.764999985694885 0.764999985694885 0.764999985694885 0.788571417331696 0.788571417331696 0.788571417331696 0.788571417331696 0.788571417331696 0.788571417331696 0.754615426063538
0.755999982357025 0.753461480140686 0.753461480140686 0.753461480140686 0.753461480140686 0.753461480140686 0.753461480140686 0.77571427822113 0.77571427822113 0.77571427822113 0.77571427822113 0.77571427822113 0.77571427822113 0.77571427822113 0.782999992370605 0.782999992370605 0.782999992370605 0.782999992370605 0.782999992370605 0.782999992370605 0.7950000166893 0.7950000166893 0.7950000166893 0.7950000166893 0.7950000166893 0.7950000166893 0 0 0 0 0 0 0 0 0 0 0 0 0 0.774999976158142 0.774999976158142 0.774999976158142 0.774999976158142 0.774999976158142 0.774999976158142 0.764999985694885 0.764999985694885 0.764999985694885 0.764999985694885 0.764999985694885 0.764999985694885 0.788571417331696 0.788571417331696 0.788571417331696 0.788571417331696 0.788571417331696 0.788571417331696 0.754615426063538
