input/Helperscripts_for_Input/nws/soilfertilityfrompatch.asc
NCOLS 406 
NROWS 256 
XLLCORNER 301413.09 
YLLCORNER 5677998.2720308 
CELLSIZE 160 
NODATA_value -9999 
[rows 182 to 207 of 256, columns 348 to 405 of 406]
0.774230778217316 0.774230778217316 0.774230778217316 0.774230778217316 0.774230778217316 -2 -2 -2 -2 -2 -2 0.784090876579285 0.784090876579285 0.784090876579285 0.784090876579285 0.784090876579285 0.784090876579285 0.784090876579285 0.778846085071564 0.778846085071564 0.778846085071564 0.778846085071564 0.778846085071564 0.778846085071564 0.77999997138977 0.77999997138977 0.77999997138977 0.77999997138977 0.77999997138977 0.77999997138977 0.774999976158142 0.774999976158142 0.774999976158142 0.774999976158142 0.774999976158142 0.774999976158142 0.78600001335144 0.78600001335144 0.78600001335144 0.78600001335144 0.78600001335144 0.78600001335144 0.78600001335144 0.775909125804901 0.775909125804901 0.775909125804901 0.775909125804901 0.775909125804901 0.775909125804901 0.777499973773956 0.777499973773956 0.777499973773956 0.777499973773956 0.777499973773956 0.777499973773956 -2 -2 -2
0.774230778217316 0.774230778217316 0.774230778217316 0.774230778217316 0.774230778217316 -2 -2 -2 -2 -2 -2 0.784090876579285 0.784090876579285 0.784090876579285 0.784090876579285 0.784090876579285 0.784090876579285 0.784090876579285 0.778846085071564 0.778846085071564 0.778846085071564 0.778846085071564 0.778846085071564 0.778846085071564 0.77999997138977 0.77999997138977 0.77999997138977 0.77999997138977 0.77999997138977 0.77999997138977 0.774999976158142 0.774999976158142 0.774999976158142 0.774999976158142 0.774999976158142 0.774999976158142 0.78600001335144 0.78600001335144 0.78600001335144 0.78600001335144 0.78600001335144 0.78600001335144 0.78600001335144 0.775909125804901 0.775909125804901 0.775909125804901 0.775909125804901 0.775909125804901 0.775909125804901 0.777499973773956 0.777499973773956 0.777499973773956 0.777499973773956 0.777499973773956 0.777499973773956 -2 -2 -2
0.774230778217316 0.774230778217316 0.774230778217316 0.774230778217316 -2 -2 -2 -2 -2 -2 0.773571372032166 0.773571372032166 0.773571372032166 0.784090876579285 0.784090876579285 0.784090876579285 0.792272686958313 0.792272686958313 0.792272686958313 0.778846085071564 0.778846085071564 0.778846085071564 0.778846085071564 0.775909125804901 0.775909125804901 0.77999997138977 0.77999997138977 0.77999997138977 0.77999997138977 0.781153917312622 0.781153917312622 0.774999976158142 0.774999976158142 0.774999976158142 0.774999976158142 0.78250002861023 0.78250002861023 0.78250002861023 0.78600001335144 0.78600001335144 0.78600001335144 0.772499978542328 0.772499978542328 0.772499978542328 0.775909125804901 0.775909125804901 0.775909125804901 0.775909125804901 0.77142858505249 0.77142858505249 0.777499973773956 0.777499973773956 0.777499973773956 0.777499973773956 0.771923124790192 0.771923124790192 -2 -2
0.703461527824402 0.703461527824402 -2 -2 -2 -2 -2 -2 0.773571372032166 0.773571372032166 0.773571372032166 0.773571372032166 0.773571372032166 0.773571372032166 0.784090876579285 0.792272686958313 0.792272686958313 0.792272686958313 0.792272686958313 0.792272686958313 0.792272686958313 0.775909125804901 0.775909125804901 0.775909125804901 0.775909125804901 0.775909125804901 0.775909125804901 0.781153917312622 0.781153917312622 0.781153917312622 0.781153917312622 0.781153917312622 0.781153917312622 0.78250002861023 0.78250002861023 0.78250002861023 0.78250002861023 0.78250002861023 0.78250002861023 0.78600001335144 0.772499978542328 0.772499978542328 0.772499978542328 0.772499978542328 0.772499978542328 0.772499978542328 0.77142858505249 0.77142858505249 0.77142858505249 0.77142858505249 0.77142858505249 0.77142858505249 0.771923124790192 0.771923124790192 0.771923124790192 0.771923124790192 0.771923124790192 0.771923124790192
0.703461527824402 0.703461527824402 -2 -2 -2 -2 -2 -2 0.773571372032166 0.773571372032166 0.773571372032166 0.773571372032166 0.773571372032166 0.773571372032166 0.773571372032166 0.792272686958313 0.792272686958313 0.792272686958313 0.792272686958313 0.792272686958313 0.792272686958313 0.775909125804901 0.775909125804901 0.775909125804901 0.775909125804901 0.775909125804901 0.775909125804901 0.781153917312622 0.781153917312622 0.781153917312622 0.781153917312622 0.781153917312622 0.781153917312622 0.78250002861023 0.78250002861023 0.78250002861023 0.78250002861023 0.78250002861023 0.78250002861023 0.78250002861023 0.772499978542328 0.772499978542328 0.772499978542328 0.772499978542328 0.772499978542328 0.772499978542328 0.77142858505249 0.77142858505249 0.77142858505249 0.77142858505249 0.77142858505249 0.77142858505249 0.771923124790192 0.771923124790192 0.771923124790192 0.771923124790192 0.771923124790192 0.771923124790192
0.703461527824402 0.703461527824402 -2 -2 -2 -2 -2 -2 0.773571372032166 0.773571372032166 0.773571372032166 0.773571372032166 0.773571372032166 0.773571372032166 0.773571372032166 0.792272686958313 0.792272686958313 0.792272686958313 0.792272686958313 0.792272686958313 0.792272686958313 0.775909125804901 0.775909125804901 0.775909125804901 0.775909125804901 0.775909125804901 0.775909125804901 0.781153917312622 0.781153917312622 0.781153917312622 0.781153917312622 0.781153917312622 0.781153917312622 0.78250002861023 0.78250002861023 0.78250002861023 0.78250002861023 0.78250002861023 0.78250002861023 0.78250002861023 0.772499978542328 0.772499978542328 0.772499978542328 0.772499978542328 0.772499978542328 0.772499978542328 0.77142858505249 0.77142858505249 0.77142858505249 0.77142858505249 0.77142858505249 0.77142858505249 0.771923124790192 0.771923124790192 0.771923124790192 0.771923124790192 0.771923124790192 0.771923124790192
0.703461527824402 0.703461527824402 -2 -2 -2 -2 -2 -2 0.773571372032166 0.773571372032166 0.773571372032166 0.773571372032166 0.773571372032166 0.773571372032166 0.773571372032166 0.792272686958313 0.792272686958313 0.792272686958313 0.792272686958313 0.792272686958313 0.792272686958313 0.775909125804901 0.775909125804901 0.775909125804901 0.775909125804901 0.775909125804901 0.775909125804901 0.781153917312622 0.781153917312622 0.781153917312622 0.781153917312622 0.781153917312622 0.781153917312622 0.78250002861023 0.78250002861023 0.78250002861023 0.78250002861023 0.78250002861023 0.78250002861023 0.78250002861023 0.772499978542328 0.772499978542328 0.772499978542328 0.772499978542328 0.772499978542328 0.772499978542328 0.77142858505249 0.77142858505249 0.77142858505249 0.77142858505249 0.77142858505249 0.77142858505249 0.771923124790192 0.771923124790192 0.771923124790192 0.771923124790192 0.771923124790192 0.771923124790192
0.703461527824402 0.703461527824402 -2 -2 -2 -2 -2 -2 0.681999981403351 0.773571372032166 0.773571372032166 0.773571372032166 0.773571372032166 0.773571372032166 0.777499973773956 0.792272686958313 0.792272686958313 0.792272686958313 0.792272686958313 0.792272686958313 0.768750011920929 0.775909125804901 0.775909125804901 0.775909125804901 0.775909125804901 0.775909125804901 0.775909125804901 0.781153917312622 0.781153917312622 0.781153917312622 0.781153917312622 0.781153917312622 0.781153917312622 0.767727315425873 0.78250002861023 0.78250002861023 0.78250002861023 0.78250002861023 0.78250002861023 0.758076906204224 0.772499978542328 0.772499978542328 0.772499978542328 0.772499978542328 0.772499978542328 0.769285678863525 0.77142858505249 0.77142858505249 0.77142858505249 0.77142858505249 0.77142858505249 0.77142858505249 0.771923124790192 0.771923124790192 0.771923124790192 0.771923124790192 0.771923124790192 0.771923124790192
0.601363718509674 0.601363718509674 0.601363718509674 0.601363718509674 -2 -2 0.681999981403351 0.681999981403351 0.681999981403351 0.681999981403351 0.773571372032166 0.773571372032166 0.777499973773956 0.777499973773956 0.777499973773956 0.777499973773956 0.777499973773956 0.792272686958313 0.792272686958313 0.768750011920929 0.768750011920929 0.768750011920929 0.768750011920929 0.775909125804901 0.775909125804901 -2 -2 -2 -2 0.781153917312622 0.781153917312622 0.767727315425873 0.767727315425873 0.767727315425873 0.767727315425873 0.78250002861023 0.78250002861023 0.758076906204224 0.758076906204224 0.758076906204224 0.758076906204224 0.758076906204224 0.772499978542328 0.772499978542328 0.769285678863525 0.769285678863525 0.769285678863525 0.769285678863525 0.77142858505249 0.77142858505249 0.792692303657532 0.792692303657532 0.792692303657532 0.792692303657532 0.771923124790192 0.771923124790192 -2 -2
0.601363718509674 0.601363718509674 0.601363718509674 0.601363718509674 0.601363718509674 0.681999981403351 0.681999981403351 0.681999981403351 0.681999981403351 0.681999981403351 0.681999981403351 0.777499973773956 0.777499973773956 0.777499973773956 0.777499973773956 0.777499973773956 0.777499973773956 0.777499973773956 0.768750011920929 0.768750011920929 0.768750011920929 0.768750011920929 0.768750011920929 0.768750011920929 -2 -2 -2 -2 -2 -2 0.767727315425873 0.767727315425873 0.767727315425873 0.767727315425873 0.767727315425873 0.767727315425873 0.758076906204224 0.758076906204224 0.758076906204224 0.758076906204224 0.758076906204224 0.758076906204224 0.758076906204224 0.769285678863525 0.769285678863525 0.769285678863525 0.769285678863525 0.769285678863525 0.769285678863525 0.792692303657532 0.792692303657532 0.792692303657532 0.792692303657532 0.792692303657532 0.792692303657532 -2 -2 -2
0.601363718509674 0.601363718509674 0.601363718509674 0.601363718509674 0.601363718509674 0.681999981403351 0.681999981403351 0.681999981403351 0.681999981403351 0.681999981403351 0.681999981403351 0.777499973773956 0.777499973773956 0.777499973773956 0.777499973773956 0.777499973773956 0.777499973773956 0.777499973773956 0.768750011920929 0.768750011920929 0.768750011920929 0.768750011920929 0.768750011920929 0.768750011920929 -2 -2 -2 -2 -2 -2 0.767727315425873 0.767727315425873 0.767727315425873 0.767727315425873 0.767727315425873 0.767727315425873 0.758076906204224 0.758076906204224 0.758076906204224 0.758076906204224 0.758076906204224 0.758076906204224 0.758076906204224 0.769285678863525 0.769285678863525 0.769285678863525 0.769285678863525 0.769285678863525 0.769285678863525 0.792692303657532 0.792692303657532 0.792692303657532 0.792692303657532 0.792692303657532 0.792692303657532 -2 -2 -2
0.601363718509674 0.601363718509674 0.601363718509674 0.601363718509674 0.601363718509674 0.681999981403351 0.681999981403351 0.681999981403351 0.681999981403351 0.681999981403351 0.681999981403351 0.777499973773956 0.777499973773956 0.777499973773956 0.777499973773956 0.777499973773956 0.777499973773956 0.777499973773956 0.768750011920929 0.768750011920929 0.768750011920929 0.768750011920929 0.768750011920929 0.768750011920929 -2 -2 -2 -2 -2 -2 0.767727315425873 0.767727315425873 0.767727315425873 0.767727315425873 0.767727315425873 0.767727315425873 0.758076906204224 0.758076906204224 0.758076906204224 0.758076906204224 0.758076906204224 0.758076906204224 0.758076906204224 0.769285678863525 0.769285678863525 0.769285678863525 0.769285678863525 0.769285678863525 0.769285678863525 0.792692303657532 0.792692303657532 0.792692303657532 0.792692303657532 0.792692303657532 0.792692303657532 -2 -2 -2
0.601363718509674 0.601363718509674 0.601363718509674 0.601363718509674 0.601363718509674 0.681999981403351 0.681999981403351 0.681999981403351 0.681999981403351 0.681999981403351 0.681999981403351 0.777499973773956 0.777499973773956 0.777499973773956 0.777499973773956 0.777499973773956 0.777499973773956 0.777499973773956 0.768750011920929 0.768750011920929 0.768750011920929 0.768750011920929 0.768750011920929 0.768750011920929 -2 -2 -2 -2 -2 -2 0.767727315425873 0.767727315425873 0.767727315425873 0.767727315425873 0.767727315425873 0.767727315425873 0.758076906204224 0.758076906204224 0.758076906204224 0.758076906204224 0.758076906204224 0.758076906204224 0.758076906204224 0.769285678863525 0.769285678863525 0.769285678863525 0.769285678863525 0.769285678863525 0.769285678863525 0.792692303657532 0.792692303657532 0.792692303657532 0.792692303657532 0.792692303657532 0.792692303657532 -2 -2 -2
0.601363718509674 0.601363718509674 0.601363718509674 0.601363718509674 0.566666722297668 0.566666722297668 0.566666722297668 0.681999981403351 0.681999981403351 0.681999981403351 0.608076870441437 0.608076870441437 0.608076870441437 0.777499973773956 0.777499973773956 0.777499973773956 0.736923098564148 0.736923098564148 0.736923098564148 0.768750011920929 0.768750011920929 0.768750011920929 0.764999985694885 0.764999985694885 0.764999985694885 -2 -2 -2 -2 0.753461480140686 0.753461480140686 0.753461480140686 0.767727315425873 0.767727315425873 0.767727315425873 0.76714277267456 0.76714277267456 0.76714277267456 0.758076906204224 0.758076906204224 0.758076906204224 0.778636276721954 0.778636276721954 0.778636276721954 0.769285678863525 0.769285678863525 0.769285678863525 0.78250002861023 0.78250002861023 0.78250002861023 0.792692303657532 0.792692303657532 0.792692303657532 0.792692303657532 -2 -2 -2 -2
0.555555582046509 0.555555582046509 0.566666722297668 0.566666722297668 0.566666722297668 0.566666722297668 0.566666722297668 0.566666722297668 0.608076870441437 0.608076870441437 0.608076870441437 0.608076870441437 0.608076870441437 0.608076870441437 0.608076870441437 0.736923098564148 0.736923098564148 0.736923098564148 0.736923098564148 0.736923098564148 0.736923098564148 0.764999985694885 0.764999985694885 0.764999985694885 0.764999985694885 0.764999985694885 0.764999985694885 0.753461480140686 0.753461480140686 0.753461480140686 0.753461480140686 0.753461480140686 0.753461480140686 0.76714277267456 0.76714277267456 0.76714277267456 0.76714277267456 0.76714277267456 0.76714277267456 0.76714277267456 0.778636276721954 0.778636276721954 0.778636276721954 0.778636276721954 0.778636276721954 0.778636276721954 0.78250002861023 0.78250002861023 0.78250002861023 0.78250002861023 0.78250002861023 0.78250002861023 -2 -2 -2 -2 -2 -2
0.555555582046509 0.555555582046509 0.566666722297668 0.566666722297668 0.566666722297668 0.566666722297668 0.566666722297668 0.566666722297668 0.608076870441437 0.608076870441437 0.608076870441437 0.608076870441437 0.608076870441437 0.608076870441437 0.608076870441437 0.736923098564148 0.736923098564148 0.736923098564148 0.736923098564148 0.736923098564148 0.736923098564148 0.764999985694885 0.764999985694885 0.764999985694885 0.764999985694885 0.764999985694885 0.764999985694885 0.753461480140686 0.753461480140686 0.753461480140686 0.753461480140686 0.753461480140686 0.753461480140686 0.76714277267456 0.76714277267456 0.76714277267456 0.76714277267456 0.76714277267456 0.76714277267456 0.76714277267456 0.778636276721954 0.778636276721954 0.778636276721954 0.778636276721954 0.778636276721954 0.778636276721954 0.78250002861023 0.78250002861023 0.78250002861023 0.78250002861023 0.78250002861023 0.78250002861023 -2 -2 -2 -2 -2 -2
0.555555582046509 0.555555582046509 0.566666722297668 0.566666722297668 0.566666722297668 0.566666722297668 0.566666722297668 0.566666722297668 0.608076870441437 0.608076870441437 0.608076870441437 0.608076870441437 0.608076870441437 0.608076870441437 0.608076870441437 0.736923098564148 0.736923098564148 0.736923098564148 0.736923098564148 0.736923098564148 0.736923098564148 0.764999985694885 0.764999985694885 0.764999985694885 0.764999985694885 0.764999985694885 0.764999985694885 0.753461480140686 0.753461480140686 0.753461480140686 0.753461480140686 0.753461480140686 0.753461480140686 0.76714277267456 0.76714277267456 0.76714277267456 0.76714277267456 0.76714277267456 0.76714277267456 0.76714277267456 0.778636276721954 0.778636276721954 0.778636276721954 0.778636276721954 0.778636276721954 0.778636276721954 0.78250002861023 0.78250002861023 0.78250002861023 0.78250002861023 0.78250002861023 0.78250002861023 -2 -2 -2 -2 -2 -2
0.555555582046509 0.555555582046509 0.566666722297668 0.566666722297668 0.566666722297668 0.566666722297668 0.566666722297668 0.566666722297668 0.608076870441437 0.608076870441437 0.608076870441437 0.608076870441437 0.608076870441437 0.608076870441437 0.608076870441437 0.736923098564148 0.736923098564148 0.736923098564148 0.736923098564148 0.736923098564148 0.736923098564148 0.764999985694885 0.764999985694885 0.764999985694885 0.764999985694885 0.764999985694885 0.764999985694885 0.753461480140686 0.753461480140686 0.753461480140686 0.753461480140686 0.753461480140686 0.753461480140686 0.76714277267456 0.76714277267456 0.76714277267456 0.76714277267456 0.76714277267456 0.76714277267456 0.76714277267456 0.778636276721954 0.778636276721954 0.778636276721954 0.778636276721954 0.778636276721954 0.778636276721954 0.78250002861023 0.78250002861023 0.78250002861023 0.78250002861023 0.78250002861023 0.78250002861023 -2 -2 -2 -2 -2 -2
0.555555582046509 0 0 0.566666722297668 0.566666722297668 0.566666722297668 0.566666722297668 0.566666722297668 0.5625 0.608076870441437 0.608076870441437 0.608076870441437 0.608076870441437 0.608076870441437 0.583750009536743 0.736923098564148 0.736923098564148 0.736923098564148 0.736923098564148 0.736923098564148 0.560416579246521 0.764999985694885 0.764999985694885 0.764999985694885 0.764999985694885 0.764999985694885 0.743571400642395 0.743571400642395 0.753461480140686 0.753461480140686 0.753461480140686 0.753461480140686 0.753461480140686 0.74099999666214 0.76714277267456 0.76714277267456 0.76714277267456 0.76714277267456 0.76714277267456 0.754999995231628 0.778636276721954 0.778636276721954 0.778636276721954 0.778636276721954 0.778636276721954 -2 0.78250002861023 0.78250002861023 0.78250002861023 0.78250002861023 0.78250002861023 -2 -2 -2 -2 -2 -2 -2
0 0 0 0 0.566666722297668 0.566666722297668 0.5625 0.5625 0.5625 0.5625 0.5625 0.608076870441437 0.583750009536743 0.583750009536743 0.583750009536743 0.583750009536743 0.583750009536743 0.736923098564148 0.560416579246521 0.560416579246521 0.560416579246521 0.560416579246521 0.560416579246521 0.764999985694885 0.764999985694885 0.743571400642395 0.743571400642395 0.743571400642395 0.743571400642395 0.753461480140686 0.753461480140686 0.74099999666214 0.74099999666214 0.74099999666214 0.74099999666214 0.74099999666214 0.76714277267456 0.754999995231628 0.754999995231628 0.754999995231628 0.754999995231628 0.754999995231628 0.778636276721954 -2 -2 -2 -2 -2 0.78250002861023 0.78250002861023 -2 -2 -2 -2 -2 -2 -2 -2
0 0 0 0 0 0.5625 0.5625 0.5625 0.5625 0.5625 0.5625 0.583750009536743 0.583750009536743 0.583750009536743 0.583750009536743 0.583750009536743 0.583750009536743 0.583750009536743 0.560416579246521 0.560416579246521 0.560416579246521 0.560416579246521 0.560416579246521 0.560416579246521 0.743571400642395 0.743571400642395 0.743571400642395 0.743571400642395 0.743571400642395 0.743571400642395 0.74099999666214 0.74099999666214 0.74099999666214 0.74099999666214 0.74099999666214 0.74099999666214 0.754999995231628 0.754999995231628 0.754999995231628 0.754999995231628 0.754999995231628 0.754999995231628 0.754999995231628 -2 -2 -2 -2 -2 -2 -2 -2 -2 -2 -2 -2 -2 -2 -2
0 0 0 0 0 0.5625 0.5625 0.5625 0.5625 0.5625 0.5625 0.583750009536743 0.583750009536743 0.583750009536743 0.583750009536743 0.583750009536743 0.583750009536743 0.583750009536743 0.560416579246521 0.560416579246521 0.560416579246521 0.560416579246521 0.560416579246521 0.560416579246521 0.743571400642395 0.743571400642395 0.743571400642395 0.743571400642395 0.743571400642395 0.743571400642395 0.74099999666214 0.74099999666214 0.74099999666214 0.74099999666214 0.74099999666214 0.74099999666214 0.754999995231628 0.754999995231628 0.754999995231628 0.754999995231628 0.754999995231628 0.754999995231628 0.754999995231628 -2 -2 -2 -2 -2 -2 -2 -2 -2 -2 -2 -2 -2 -2 -2
0 0 0 0 0 0.5625 0.5625 0.5625 0.5625 0.5625 0.5625 0.583750009536743 0.583750009536743 0.583750009536743 0.583750009536743 0.583750009536743 0.583750009536743 0.583750009536743 0.560416579246521 0.560416579246521 0.560416579246521 0.560416579246521 0.560416579246521 0.560416579246521 0.743571400642395 0.743571400642395 0.743571400642395 0.743571400642395 0.743571400642395 0.743571400642395 0.74099999666214 0.74099999666214 0.74099999666214 0.74099999666214 0.74099999666214 0.74099999666214 0.754999995231628 0.754999995231628 0.754999995231628 0.754999995231628 0.754999995231628 0.754999995231628 0.754999995231628 -2 -2 -2 -2 -2 -2 -2 -2 -2 -2 -2 -2 -2 -2 -2
0 0 0 0 0 0.5625 0.5625 0.5625 0.5625 0.5625 0.5625 0.583750009536743 0.583750009536743 0.583750009536743 0.583750009536743 0.583750009536743 0.583750009536743 0.583750009536743 0.560416579246521 0.560416579246521 0.560416579246521 0.560416579246521 0.560416579246521 0.560416579246521 0.743571400642395 0.743571400642395 0.743571400642395 0.743571400642395 0.743571400642395 0.743571400642395 0.74099999666214 0.74099999666214 0.74099999666214 0.74099999666214 0.74099999666214 0.74099999666214 0.754999995231628 0.754999995231628 0.754999995231628 0.754999995231628 0.754999995231628 0.754999995231628 0.754999995231628 -2 -2 -2 -2 -2 -2 -2 -2 -2 -2 -2 -2 -2 -2 -2
0 0 0 0 0 0 0 0.5625 0.5625 0.5625 0 0 0 0.583750009536743 0.583750009536743 0.583750009536743 0.620999991893768 0.620999991893768 0.620999991893768 0.560416579246521 0.560416579246521 0.560416579246521 0.620999991893768 0.620999991893768 0.620999991893768 0.620999991893768 0.743571400642395 0.743571400642395 0.728333413600922 0.728333413600922 0.728333413600922 0.728333413600922 0.74099999666214 0.74099999666214 0.74099999666214 0.675357222557068 0.675357222557068 0.675357222557068 0.754999995231628 0.754999995231628 0.754999995231628 0.537500023841858 0.537500023841858 0.537500023841858 -2 -2 -2 -2 -2 -2 -2 -2 -2 -2 -2 -2 -2 -2
0 0 0 0 0 0 0 0 0 0 0 0 0 0 0 0.620999991893768 0.620999991893768 0.620999991893768 0.620999991893768 0.620999991893768 0.620999991893768 0.620999991893768 0.620999991893768 0.620999991893768 0.620999991893768 0.620999991893768 0.620999991893768 0.728333413600922 0.728333413600922 0.728333413600922 0.728333413600922 0.728333413600922 0.728333413600922 0.675357222557068 0.675357222557068 0.675357222557068 0.675357222557068 0.675357222557068 0.675357222557068 0.675357222557068 0.537500023841858 0.537500023841858 0.537500023841858 0.537500023841858 0.537500023841858 0.537500023841858 -2 -2 -2 -2 -2 -2 -2 -2 -2 -2 -2 -2
