input/Helperscripts_for_Input/nws/soil_fertility.asc
ncols         406
nrows         256
xllcorner     301413.09
yllcorner     5677998.2720308
cellsize      160
NODATA_value  -2
[rows 36 to 71 of 256, columns 0 to 80 of 406]
-2 -2 -2 -2 -2 -2 -2 -2 -2 -2 -2 -2 -2 -2 -2 -2 -2 -2 -2 -2 -2 -2 -2 -2 -2 0.975 0.975 0.975 0.975 0.975 0.975 0.975 0.975 0.975 0.975 0.975 0.975 0.975 0.978 0.978 0.978 0.978 0.978 0.978 0.99 0.99 0.99 0.99 0.99 0.99 0.99 0.99 0.99 0.99 0.99 0.99 0.99 0.99 0.99 0.99 0.99 0.99 0.99 0.885 0.885 0.885 0.885 0.885 0.885 0.795 0.795 0.795 0.795 0.795 0.795 0 0 0 0 0 0
-2 -2 -2 -2 -2 -2 -2 -2 -2 -2 -2 -2 -2 -2 -2 -2 -2 -2 -2 -2 -2 -2 -2 -2 -2 0.975 0.975 0.975 0.975 0.975 0.975 0.975 0.975 0.975 0.975 0.975 0.975 0.975 0.978 0.978 0.978 0.978 0.978 0.978 0.99 0.99 0.99 0.99 0.99 0.99 0.99 0.99 0.99 0.99 0.99 0.99 0.99 0.99 0.99 0.99 0.99 0.99 0.99 0.885 0.885 0.885 0.885 0.885 0.885 0.795 0.795 0.795 0.795 0.795 0.795 0 0 0 0 0 0
-2 -2 -2 -2 -2 -2 -2 -2 -2 -2 -2 -2 -2 -2 -2 -2 -2 -2 -2 -2 -2 -2 -2 -2 0.975 0.975 0.975 0.975 0.975 0.975 0.975 0.975 0.975 0.975 0.975 0.975 0.975 0.975 0.975 0.978 0.978 0.978 0.975 0.975 0.975 0.99 0.99 0.99 0.99 0.99 0.99 0.99 0.99 0.99 0.99 0.99 0.99 0.99 0.99 0.99 0.99 0.99 0.99 0.99 0.885 0.885 0.885 0.795 0.795 0.795 0.795 0.795 0.795 0.795 0.79125 0.79125 0 0 0 0 0.7875
-2 -2 -2 -2 -2 -2 -2 -2 -2 -2 -2 -2 -2 -2 -2 -2 -2 -2 -2 -2 -2 -2 0.975 0.975 0.975 0.975 0.975 0.975 0.975 0.975 0.975 0.975 0.975 0.975 0.975 0.975 0.975 0.975 0.975 0.975 0.975 0.975 0.975 0.975 0.975 0.975 0.975 0.99 0.99 0.99 0.99 0.99 0.99 0.99 0.99 0.99 0.99 0.99 0.99 0.99 0.99 0.99 0.99 0.99 0.99 0.99 0.795 0.795 0.795 0.795 0.795 0.795 0.79125 0.79125 0.79125 0.79125 0.79125 0.79125 0.7875 0.7875 0.7875
-2 -2 -2 -2 -2 -2 -2 -2 -2 -2 -2 -2 -2 -2 -2 -2 -2 -2 -2 -2 -2 -2 0.975 0.975 0.975 0.975 0.975 0.975 0.975 0.975 0.975 0.975 0.975 0.975 0.975 0.975 0.975 0.975 0.975 0.975 0.975 0.975 0.975 0.975 0.975 0.975 0.975 0.99 0.99 0.99 0.99 0.99 0.99 0.99 0.99 0.99 0.99 0.99 0.99 0.99 0.99 0.99 0.99 0.99 0.99 0.99 0.795 0.795 0.795 0.795 0.795 0.795 0.79125 0.79125 0.79125 0.79125 0.79125 0.79125 0.7875 0.7875 0.7875
-2 -2 -2 -2 -2 -2 -2 -2 -2 -2 -2 -2 -2 -2 -2 -2 -2 -2 -2 -2 -2 -2 0.975 0.975 0.975 0.975 0.975 0.975 0.975 0.975 0.975 0.975 0.975 0.975 0.975 0.975 0.975 0.975 0.975 0.975 0.975 0.975 0.975 0.975 0.975 0.975 0.975 0.99 0.99 0.99 0.99 0.99 0.99 0.99 0.99 0.99 0.99 0.99 0.99 0.99 0.99 0.99 0.99 0.99 0.99 0.99 0.795 0.795 0.795 0.795 0.795 0.795 0.79125 0.79125 0.79125 0.79125 0.79125 0.79125 0.7875 0.7875 0.7875
-2 -2 -2 -2 -2 -2 -2 -2 -2 -2 -2 -2 -2 -2 -2 -2 -2 -2 -2 -2 -2 -2 0.975 0.975 0.975 0.975 0.975 0.975 0.975 0.975 0.975 0.975 0.975 0.975 0.975 0.975 0.975 0.975 0.975 0.975 0.975 0.975 0.975 0.975 0.975 0.975 0.975 0.99 0.99 0.99 0.99 0.99 0.99 0.99 0.99 0.99 0.99 0.99 0.99 0.99 0.99 0.99 0.99 0.99 0.99 0.99 0.795 0.795 0.795 0.795 0.795 0.795 0.79125 0.79125 0.79125 0.79125 0.79125 0.79125 0.7875 0.7875 0.7875
-2 -2 -2 -2 -2 -2 -2 -2 -2 -2 -2 -2 -2 -2 -2 -2 -2 -2 -2 -2 -2 0.9272727 0.9272727 0.975 0.975 0.975 0.975 0.9380769 0.9380769 0.975 0.975 0.975 0.975 0.975 0.9576923 0.975 0.975 0.975 0.975 0.975 0.9675 0.975 0.975 0.975 0.975 0.975 0.9760714 0.9760714 0.99 0.99 0.99 0.99 0.97375 0.97375 0.99 0.99 0.99 0.99 0.99 0.9342857 0.99 0.99 0.99 0.99 0.99 0.8089285 0.795 0.795 0.795 0.795 0.795 0.795 0.795 0.79125 0.79125 0.79125 0.79125 0.795 0.795 0.7875 0.7875
-2 -2 -2 -2 -2 -2 -2 -2 -2 -2 -2 -2 -2 -2 -2 -2 -2 -2 -2 0.9272727 0.9272727 0.9272727 0.9272727 0.9272727 0.975 0.975 0.9380769 0.9380769 0.9380769 0.9380769 0.9380769 0.975 0.9576923 0.9576923 0.9576923 0.9576923 0.9576923 0.975 0.9675 0.9675 0.9675 0.9675 0.9675 0.975 0.9760714 0.9760714 0.9760714 0.9760714 0.9760714 0.99 0.99 0.97375 0.97375 0.97375 0.97375 0.97375 0.99 0.9342857 0.9342857 0.9342857 0.9342857 0.9342857 0.99 0.8089285 0.8089285 0.8089285 0.8089285 0.8089285 0.795 0.795 0.795 0.795 0.795 0.795 0.79125 0.79125 0.795 0.795 0.795 0.795 0.795
-2 -2 -2 -2 -2 -2 -2 -2 -2 -2 -2 -2 -2 -2 -2 -2 -2 -2 -2 0.9272727 0.9272727 0.9272727 0.9272727 0.9272727 0.9272727 0.9380769 0.9380769 0.9380769 0.9380769 0.9380769 0.9380769 0.9576923 0.9576923 0.9576923 0.9576923 0.9576923 0.9576923 0.9576923 0.9675 0.9675 0.9675 0.9675 0.9675 0.9675 0.9760714 0.9760714 0.9760714 0.9760714 0.9760714 0.9760714 0.97375 0.97375 0.97375 0.97375 0.97375 0.97375 0.9342857 0.9342857 0.9342857 0.9342857 0.9342857 0.9342857 0.9342857 0.8089285 0.8089285 0.8089285 0.8089285 0.8089285 0.8089285 0.795 0.795 0.795 0.795 0.795 0.795 0.795 0.795 0.795 0.795 0.795 0.795
-2 -2 -2 -2 -2 -2 -2 -2 -2 -2 -2 -2 -2 -2 -2 -2 -2 -2 -2 0.9272727 0.9272727 0.9272727 0.9272727 0.9272727 0.9272727 0.9380769 0.9380769 0.9380769 0.9380769 0.9380769 0.9380769 0.9576923 0.9576923 0.9576923 0.9576923 0.9576923 0.9576923 0.9576923 0.9675 0.9675 0.9675 0.9675 0.9675 0.9675 0.9760714 0.9760714 0.9760714 0.9760714 0.9760714 0.9760714 0.97375 0.97375 0.97375 0.97375 0.97375 0.97375 0.9342857 0.9342857 0.9342857 0.9342857 0.9342857 0.9342857 0.9342857 0.8089285 0.8089285 0.8089285 0.8089285 0.8089285 0.8089285 0.795 0.795 0.795 0.795 0.795 0.795 0.795 0.795 0.795 0.795 0.795 0.795
-2 -2 -2 -2 -2 -2 -2 -2 -2 -2 -2 -2 -2 -2 -2 -2 -2 -2 -2 0.9272727 0.9272727 0.9272727 0.9272727 0.9272727 0.9272727 0.9380769 0.9380769 0.9380769 0.9380769 0.9380769 0.9380769 0.9576923 0.9576923 0.9576923 0.9576923 0.9576923 0.9576923 0.9576923 0.9675 0.9675 0.9675 0.9675 0.9675 0.9675 0.9760714 0.9760714 0.9760714 0.9760714 0.9760714 0.9760714 0.97375 0.97375 0.97375 0.97375 0.97375 0.97375 0.9342857 0.9342857 0.9342857 0.9342857 0.9342857 0.9342857 0.9342857 0.8089285 0.8089285 0.8089285 0.8089285 0.8089285 0.8089285 0.795 0.795 0.795 0.795 0.795 0.795 0.795 0.795 0.795 0.795 0.795 0.795
-2 -2 -2 -2 -2 -2 -2 -2 -2 -2 -2 -2 -2 -2 -2 -2 -2 -2 -2 0.9272727 0.9272727 0.9272727 0.9272727 0.9272727 0.9272727 0.9380769 0.9380769 0.9380769 0.9380769 0.9380769 0.9380769 0.9576923 0.9576923 0.9576923 0.9576923 0.9576923 0.9576923 0.9576923 0.9675 0.9675 0.9675 0.9675 0.9675 0.9675 0.9760714 0.9760714 0.9760714 0.9760714 0.9760714 0.9760714 0.97375 0.97375 0.97375 0.97375 0.97375 0.97375 0.9342857 0.9342857 0.9342857 0.9342857 0.9342857 0.9342857 0.9342857 0.8089285 0.8089285 0.8089285 0.8089285 0.8089285 0.8089285 0.795 0.795 0.795 0.795 0.795 0.795 0.795 0.795 0.795 0.795 0.795 0.795
-2 -2 -2 -2 -2 -2 -2 -2 -2 -2 -2 -2 -2 -2 -2 -2 -2 -2 -2 -2 0.9272727 0.9272727 0.9272727 0.9 0.9 0.9 0.9 0.9380769 0.9380769 0.9380769 0.9 0.9 0.9 0.9576923 0.9576923 0.9576923 0.9 0.9 0.9 0.9675 0.9675 0.9675 0.9 0.9 0.9 0.9760714 0.9760714 0.9760714 0.8895 0.8895 0.8895 0.8895 0.97375 0.97375 0.97375 0.795 0.795 0.795 0.9342857 0.9342857 0.9342857 0.795 0.795 0.795 0.8089285 0.8089285 0.8089285 0.7880769 0.7880769 0.7880769 0.795 0.795 0.795 0.79125 0.79125 0.79125 0.79125 0.795 0.795 0.795 0.755
-2 -2 -2 -2 -2 -2 -2 -2 -2 -2 -2 -2 -2 -2 -2 -2 -2 -2 -2 -2 -2 -2 0.9 0.9 0.9 0.9 0.9 0.9 0.9 0.9 0.9 0.9 0.9 0.9 0.9 0.9 0.9 0.9 0.9 0.9 0.9 0.9 0.9 0.9 0.9 0.9 0.9 0.8895 0.8895 0.8895 0.8895 0.8895 0.8895 0.795 0.795 0.795 0.795 0.795 0.795 0.795 0.795 0.795 0.795 0.795 0.795 0.795 0.7880769 0.7880769 0.7880769 0.7880769 0.7880769 0.7880769 0.79125 0.79125 0.79125 0.79125 0.79125 0.79125 0.755 0.755 0.755
-2 -2 -2 -2 -2 -2 -2 -2 -2 -2 -2 -2 -2 -2 -2 -2 -2 -2 -2 -2 -2 -2 0.9 0.9 0.9 0.9 0.9 0.9 0.9 0.9 0.9 0.9 0.9 0.9 0.9 0.9 0.9 0.9 0.9 0.9 0.9 0.9 0.9 0.9 0.9 0.9 0.9 0.8895 0.8895 0.8895 0.8895 0.8895 0.8895 0.795 0.795 0.795 0.795 0.795 0.795 0.795 0.795 0.795 0.795 0.795 0.795 0.795 0.7880769 0.7880769 0.7880769 0.7880769 0.7880769 0.7880769 0.79125 0.79125 0.79125 0.79125 0.79125 0.79125 0.755 0.755 0.755
-2 -2 -2 -2 -2 -2 -2 -2 -2 -2 -2 -2 -2 -2 -2 -2 -2 -2 -2 -2 -2 -2 0.9 0.9 0.9 0.9 0.9 0.9 0.9 0.9 0.9 0.9 0.9 0.9 0.9 0.9 0.9 0.9 0.9 0.9 0.9 0.9 0.9 0.9 0.9 0.9 0.9 0.8895 0.8895 0.8895 0.8895 0.8895 0.8895 0.795 0.795 0.795 0.795 0.795 0.795 0.795 0.795 0.795 0.795 0.795 0.795 0.795 0.7880769 0.7880769 0.7880769 0.7880769 0.7880769 0.7880769 0.79125 0.79125 0.79125 0.79125 0.79125 0.79125 0.755 0.755 0.755
-2 -2 -2 -2 -2 -2 -2 -2 -2 -2 -2 -2 -2 -2 -2 -2 -2 -2 -2 -2 -2 -2 0.9 0.9 0.9 0.9 0.9 0.9 0.9 0.9 0.9 0.9 0.9 0.9 0.9 0.9 0.9 0.9 0.9 0.9 0.9 0.9 0.9 0.9 0.9 0.9 0.9 0.8895 0.8895 0.8895 0.8895 0.8895 0.8895 0.795 0.795 0.795 0.795 0.795 0.795 0.795 0.795 0.795 0.795 0.795 0.795 0.795 0.7880769 0.7880769 0.7880769 0.7880769 0.7880769 0.7880769 0.79125 0.79125 0.79125 0.79125 0.79125 0.79125 0.755 0.755 0.755
-2 -2 -2 -2 -2 -2 -2 -2 -2 -2 -2 -2 -2 -2 -2 -2 -2 -2 -2 -2 -2 0.9 0.9 0.9 0.9 0.9 0.9 0.8935714 0.8935714 0.9 0.9 0.9 0.9 0.9 0.9 0.9 0.9 0.9 0.9 0.9 0.9 0.9 0.9 0.9 0.9 0.9 0.9 0.9 0.8895 0.8895 0.8895 0.8895 0.88 0.88 0.795 0.795 0.795 0.795 0.795 0.795 0.795 0.795 0.795 0.795 0.795 0.795 0.795 0.7880769 0.7880769 0.7880769 0.7880769 0.745 0.745 0.79125 0.79125 0.79125 0.79125 0.795 0.795 0.755 0.755
-2 -2 -2 -2 -2 -2 -2 -2 -2 -2 -2 -2 -2 -2 -2 -2 -2 -2 -2 0.9 0.9 0.9 0.9 0.9 0.9 0.8935714 0.8935714 0.8935714 0.8935714 0.8935714 0.8935714 0.9 0.9 0.9 0.9 0.9 0.9 0.9 0.9 0.9 0.9 0.9 0.9 0.9 0.9 0.9 0.9 0.9 0.9 0.9 0.88 0.88 0.88 0.88 0.88 0.88 0.795 0.795 0.795 0.795 0.795 0.795 0.795 0.795 0.795 0.795 0.795 0.795 0.7880769 0.745 0.745 0.745 0.745 0.745 0.745 0.795 0.795 0.795 0.795 0.795 0.795
-2 -2 -2 -2 -2 -2 -2 -2 -2 -2 -2 -2 -2 -2 -2 -2 -2 -2 -2 0.9 0.9 0.9 0.9 0.9 0.9 0.8935714 0.8935714 0.8935714 0.8935714 0.8935714 0.8935714 0.9 0.9 0.9 0.9 0.9 0.9 0.9 0.9 0.9 0.9 0.9 0.9 0.9 0.9 0.9 0.9 0.9 0.9 0.9 0.88 0.88 0.88 0.88 0.88 0.88 0.795 0.795 0.795 0.795 0.795 0.795 0.795 0.795 0.795 0.795 0.795 0.795 0.795 0.745 0.745 0.745 0.745 0.745 0.745 0.795 0.795 0.795 0.795 0.795 0.795
-2 -2 -2 -2 -2 -2 -2 -2 -2 -2 -2 -2 -2 -2 -2 -2 -2 -2 -2 0.9 0.9 0.9 0.9 0.9 0.9 0.8935714 0.8935714 0.8935714 0.8935714 0.8935714 0.8935714 0.9 0.9 0.9 0.9 0.9 0.9 0.9 0.9 0.9 0.9 0.9 0.9 0.9 0.9 0.9 0.9 0.9 0.9 0.9 0.88 0.88 0.88 0.88 0.88 0.88 0.795 0.795 0.795 0.795 0.795 0.795 0.795 0.795 0.795 0.795 0.795 0.795 0.795 0.745 0.745 0.745 0.745 0.745 0.745 0.795 0.795 0.795 0.795 0.795 0.795
-2 -2 -2 -2 -2 -2 -2 -2 -2 -2 -2 -2 -2 -2 -2 -2 -2 -2 -2 0.9 0.9 0.9 0.9 0.9 0.9 0.8935714 0.8935714 0.8935714 0.8935714 0.8935714 0.8935714 0.9 0.9 0.9 0.9 0.9 0.9 0.9 0.9 0.9 0.9 0.9 0.9 0.9 0.9 0.9 0.9 0.9 0.9 0.9 0.88 0.88 0.88 0.88 0.88 0.88 0.795 0.795 0.795 0.795 0.795 0.795 0.795 0.795 0.795 0.795 0.795 0.795 0.795 0.745 0.745 0.745 0.745 0.745 0.745 0.795 0.795 0.795 0.795 0.795 0.795
-2 -2 -2 -2 -2 -2 -2 -2 -2 -2 -2 -2 -2 -2 -2 -2 -2 -2 -2 0.9 0.9 0.9 0.9 0.9 0.9 0.8935714 0.8935714 0.8935714 0.8935714 0.8935714 0.8935714 0.895 0.9 0.9 0.9 0.9 0.9 0.9 0.9 0.9 0.9 0.9 0.9 0.9 0.9 0.9 0.9 0.9 0.9 0.9 0.88 0.88 0.88 0.88 0.88 0.88 0.858 0.795 0.795 0.795 0.795 0.795 0 0.795 0.795 0.795 0.795 0.795 0.789 0.745 0.745 0.745 0.745 0.745 0.745 0.795 0.795 0.795 0.795 0.795 0.795
-2 -2 -2 -2 -2 -2 -2 -2 -2 -2 -2 -2 -2 -2 -2 -2 -2 -2 -2 -2 -2 0.9 0.9 0.9 0.9 0.9 0.9 0.8935714 0.8935714 0.895 0.895 0.895 0.895 0.9 0.9 0.9 0.9 0.9 0.9 0.9 0.9 0.9 0.9 0.9 0.9 0.9 0.9 0.9 0.9 0.9 0.9 0.9 0.88 0.88 0.858 0.858 0.858 0.858 0.795 0.795 0 0 0 0 0 0.795 0.795 0.789 0.789 0.789 0.789 0.745 0.745 0.783 0.783 0.783 0.783 0.795 0.795 0.795 0.795
-2 -2 -2 -2 -2 -2 -2 -2 -2 -2 -2 -2 -2 -2 -2 -2 -2 -2 -2 -2 -2 -2 0.9 0.9 0.9 0.9 0.9 0.9 0.895 0.895 0.895 0.895 0.895 0.895 0.9 0.9 0.9 0.9 0.9 0.9 0.9 0.9 0.9 0.9 0.9 0.9 0.9 0.9 0.9 0.9 0.9 0.9 0.9 0.858 0.858 0.858 0.858 0.858 0.858 0 0 0 0 0 0 0 0.789 0.789 0.789 0.789 0.789 0.789 0.783 0.783 0.783 0.783 0.783 0.783 0.795 0.795 0.795
-2 -2 -2 -2 -2 -2 -2 -2 -2 -2 -2 -2 -2 -2 -2 -2 -2 -2 -2 -2 -2 -2 0.9 0.9 0.9 0.9 0.9 0.9 0.895 0.895 0.895 0.895 0.895 0.895 0.9 0.9 0.9 0.9 0.9 0.9 0.9 0.9 0.9 0.9 0.9 0.9 0.9 0.9 0.9 0.9 0.9 0.9 0.9 0.858 0.858 0.858 0.858 0.858 0.858 0 0 0 0 0 0 0 0.789 0.789 0.789 0.789 0.789 0.789 0.783 0.783 0.783 0.783 0.783 0.783 0.795 0.795 0.795
-2 -2 -2 -2 -2 -2 -2 -2 -2 -2 -2 -2 -2 -2 -2 -2 -2 -2 -2 -2 -2 -2 0.9 0.9 0.9 0.9 0.9 0.9 0.895 0.895 0.895 0.895 0.895 0.895 0.9 0.9 0.9 0.9 0.9 0.9 0.9 0.9 0.9 0.9 0.9 0.9 0.9 0.9 0.9 0.9 0.9 0.9 0.9 0.858 0.858 0.858 0.858 0.858 0.858 0 0 0 0 0 0 0 0.789 0.789 0.789 0.789 0.789 0.789 0.783 0.783 0.783 0.783 0.783 0.783 0.795 0.795 0.795
-2 -2 -2 -2 -2 -2 -2 -2 -2 -2 -2 -2 -2 -2 -2 -2 -2 -2 -2 -2 -2 -2 0.9 0.9 0.9 0.9 0.9 0.9 0.895 0.895 0.895 0.895 0.895 0.895 0.9 0.9 0.9 0.9 0.9 0.9 0.9 0.9 0.9 0.9 0.9 0.9 0.9 0.9 0.9 0.9 0.9 0.9 0.9 0.858 0.858 0.858 0.858 0.858 0.858 0 0 0 0 0 0 0 0.789 0.789 0.789 0.789 0.789 0.789 0.783 0.783 0.783 0.783 0.783 0.783 0.795 0.795 0.795
-2 -2 -2 -2 -2 -2 -2 -2 -2 -2 -2 -2 -2 -2 -2 -2 -2 -2 -2 -2 -2 -2 -2 0.9 0.9 0.9 0.9 0.9 0.9 0.895 0.895 0.895 0.895 0.8978571 0.8978571 0.8978571 0.9 0.9 0.9 0.9 0.9 0.9 0.9 0.9 0.9 0.9 0.9 0.9 0.9 0.9 0.9 0.9 0.9 0.9 0.858 0.858 0.858 0.858 0 0 0 0 0 0 0 0 0 0.789 0.789 0.789 0.789 0 0 0.783 0.783 0.783 0.783 0 0 0.795 0.795
-2 -2 -2 -2 -2 -2 -2 -2 -2 -2 -2 -2 -2 -2 -2 -2 -2 -2 -2 -2 -2 -2 -2 -2 -2 0.9 0.9 0.9 0.9 0.9 0.9 0.8978571 0.8978571 0.8978571 0.8978571 0.8978571 0.8978571 0.9 0.9 0.9 0.9 0.9 0.9 0.9 0.9 0.9 0.9 0.9 0.9 0.9 0.9 0.9 0.9 0.9 0.9 0.9 0 0 0 0 0 0 0 0 0 0 0 0 0 0 0 0 0 0 0 0 0 0 0 0 0
-2 -2 -2 -2 -2 -2 -2 -2 -2 -2 -2 -2 -2 -2 -2 -2 -2 -2 -2 -2 -2 -2 -2 -2 -2 0.9 0.9 0.9 0.9 0.9 0.9 0.8978571 0.8978571 0.8978571 0.8978571 0.8978571 0.8978571 0.8978571 0.9 0.9 0.9 0.9 0.9 0.9 0.9 0.9 0.9 0.9 0.9 0.9 0.9 0.9 0.9 0.9 0.9 0.9 0 0 0 0 0 0 0 0 0 0 0 0 0 0 0 0 0 0 0 0 0 0 0 0 0
-2 -2 -2 -2 -2 -2 -2 -2 -2 -2 -2 -2 -2 -2 -2 -2 -2 -2 -2 -2 -2 -2 -2 -2 -2 0.9 0.9 0.9 0.9 0.9 0.9 0.8978571 0.8978571 0.8978571 0.8978571 0.8978571 0.8978571 0.8978571 0.9 0.9 0.9 0.9 0.9 0.9 0.9 0.9 0.9 0.9 0.9 0.9 0.9 0.9 0.9 0.9 0.9 0.9 0 0 0 0 0 0 0 0 0 0 0 0 0 0 0 0 0 0 0 0 0 0 0 0 0
-2 -2 -2 -2 -2 -2 -2 -2 -2 -2 -2 -2 -2 -2 -2 -2 -2 -2 -2 -2 -2 -2 -2 -2 -2 0.9 0.9 0.9 0.9 0.9 0.9 0.8978571 0.8978571 0.8978571 0.8978571 0.8978571 0.8978571 0.8978571 0.9 0.9 0.9 0.9 0.9 0.9 0.9 0.9 0.9 0.9 0.9 0.9 0.9 0.9 0.9 0.9 0.9 0.9 0 0 0 0 0 0 0 0 0 0 0 0 0 0 0 0 0 0 0 0 0 0 0 0 0
-2 -2 -2 -2 -2 -2 -2 -2 -2 -2 -2 -2 0.9 -2 -2 -2 -2 -2 0.9 -2 -2 -2 -2 -2 0.9 0.9 0.9 0.9 0.9 0.9 0.9 0.9 0.8978571 0.8978571 0.8978571 0.8978571 0.8978571 0.8953846 0.9 0.9 0.9 0.9 0.9 0.9 0.9 0.9 0.9 0.9 0.9 0.9 0.9 0.9 0.9 0.9 0.9 0.9 0 0 0 0 0 0 0 0 0 0 0 0 0 0 0 0 0 0 0 0 0 0 0 0 0
-2 -2 -2 -2 -2 -2 -2 -2 -2 -2 0.9 0.9 0.9 0.9 0.9 -2 0.9 0.9 0.9 0.9 0.9 -2 -2 0.9 0.9 0.9 0.9 0.9 0.9 0.9 0.9 0.9 0.9 0.9 0.8978571 0.8953846 0.8953846 0.8953846 0.8953846 0.8953846 0.9 0.9 0.9 0.9 0.9 0.9 0.9 0.9 0.9 0.9 0.9 0.9 0.9 0.9 0 0 0 0 0 0 0 0 0 0 0 0 0 0 0 0 0 0 0 0 0 0 0 0 0 0.795 0.795
