input/Helperscripts_for_Input/nws/soilfertilityfrompatch.asc
NCOLS 406 
NROWS 256 
XLLCORNER 301413.09 
YLLCORNER 5677998.2720308 
CELLSIZE 160 
NODATA_value -9999 
[rows 182 to 207 of 256, columns 290 to 347 of 406]
0.769999980926514 0.77142858505249 0.77142858505249 0.77142858505249 0.77142858505249 0.77142858505249 0.77142858505249 0.778333306312561 0.778333306312561 0.778333306312561 0.778333306312561 0.778333306312561 0.778333306312561 0.781363725662231 0.781363725662231 0.781363725662231 0.781363725662231 0.781363725662231 0.781363725662231 0.778846085071564 0.778846085071564 0.778846085071564 0.778846085071564 0.778846085071564 0.778846085071564 0.778846085071564 0.7950000166893 0.7950000166893 0.7950000166893 0.7950000166893 0.7950000166893 0.7950000166893 0 0 0 0 0 0 0 0 0 0 0 0 0.530555486679077 0.530555486679077 0.530555486679077 0.530555486679077 0.530555486679077 0.530555486679077 0.530555486679077 0.605714321136475 0.605714321136475 0.605714321136475 0.605714321136475 0.605714321136475 0.605714321136475 0.774230778217316
0.769999980926514 0.77142858505249 0.77142858505249 0.77142858505249 0.77142858505249 0.77142858505249 0.77142858505249 0.778333306312561 0.778333306312561 0.778333306312561 0.778333306312561 0.778333306312561 0.778333306312561 0.781363725662231 0.781363725662231 0.781363725662231 0.781363725662231 0.781363725662231 0.781363725662231 0.778846085071564 0.778846085071564 0.778846085071564 0.778846085071564 0.778846085071564 0.778846085071564 0.778846085071564 0.7950000166893 0.7950000166893 0.7950000166893 0.7950000166893 0.7950000166893 0.7950000166893 0 0 0 0 0 0 0 0 0 0 0 0 0.530555486679077 0.530555486679077 0.530555486679077 0.530555486679077 0.530555486679077 0.530555486679077 0.530555486679077 0.605714321136475 0.605714321136475 0.605714321136475 0.605714321136475 0.605714321136475 0.605714321136475 0.774230778217316
0.750192284584045 0.750192284584045 0.77142858505249 0.77142858505249 0.77142858505249 0.77142858505249 0.7950000166893 0.7950000166893 0.778333306312561 0.778333306312561 0.778333306312561 0.778333306312561 0.784464299678802 0.784464299678802 0.781363725662231 0.781363725662231 0.781363725662231 0.781363725662231 0.783461511135101 0.783461511135101 0.783461511135101 0.778846085071564 0.778846085071564 0.778846085071564 0.791249990463257 0.791249990463257 0.791249990463257 0.7950000166893 0.7950000166893 0.7950000166893 0.7950000166893 0 0 0 0 0 0 0 0 0 0 0 0 0 0 0 0.530555486679077 0.530555486679077 0.530555486679077 0.561538517475128 0.561538517475128 0.561538517475128 0.605714321136475 0.605714321136475 0.605714321136475 0.605714321136475 0.703461527824402 0.703461527824402
0.750192284584045 0.750192284584045 0.750192284584045 0.750192284584045 0.7950000166893 0.7950000166893 0.7950000166893 0.7950000166893 0.7950000166893 0.7950000166893 0.784464299678802 0.784464299678802 0.784464299678802 0.784464299678802 0.784464299678802 0.784464299678802 0.783461511135101 0.783461511135101 0.783461511135101 0.783461511135101 0.783461511135101 0.783461511135101 0.778846085071564 0.791249990463257 0.791249990463257 0.791249990463257 0.791249990463257 0.791249990463257 0.791249990463257 0 0 0 0 0 0 0 0 0 0 0 0 0 0 0 0 0 0 0.530555486679077 0.561538517475128 0.561538517475128 0.561538517475128 0.561538517475128 0.561538517475128 0.561538517475128 0.703461527824402 0.703461527824402 0.703461527824402 0.703461527824402
0.750192284584045 0.750192284584045 0.750192284584045 0.750192284584045 0.7950000166893 0.7950000166893 0.7950000166893 0.7950000166893 0.7950000166893 0.7950000166893 0.784464299678802 0.784464299678802 0.784464299678802 0.784464299678802 0.784464299678802 0.784464299678802 0.783461511135101 0.783461511135101 0.783461511135101 0.783461511135101 0.783461511135101 0.783461511135101 0.783461511135101 0.791249990463257 0.791249990463257 0.791249990463257 0.791249990463257 0.791249990463257 0.791249990463257 0 0 0 0 0 0 0 0 0 0 0 0 0 0 0 0 0 0 0 0.561538517475128 0.561538517475128 0.561538517475128 0.561538517475128 0.561538517475128 0.561538517475128 0.703461527824402 0.703461527824402 0.703461527824402 0.703461527824402
0.750192284584045 0.750192284584045 0.750192284584045 0.750192284584045 0.7950000166893 0.7950000166893 0.7950000166893 0.7950000166893 0.7950000166893 0.7950000166893 0.784464299678802 0.784464299678802 0.784464299678802 0.784464299678802 0.784464299678802 0.784464299678802 0.783461511135101 0.783461511135101 0.783461511135101 0.783461511135101 0.783461511135101 0.783461511135101 0.783461511135101 0.791249990463257 0.791249990463257 0.791249990463257 0.791249990463257 0.791249990463257 0.791249990463257 0 0 0 0 0 0 0 0 0 0 0 0 0 0 0 0 0 0 0 0.561538517475128 0.561538517475128 0.561538517475128 0.561538517475128 0.561538517475128 0.561538517475128 0.703461527824402 0.703461527824402 0.703461527824402 0.703461527824402
0.750192284584045 0.750192284584045 0.750192284584045 0.750192284584045 0.7950000166893 0.7950000166893 0.7950000166893 0.7950000166893 0.7950000166893 0.7950000166893 0.784464299678802 0.784464299678802 0.784464299678802 0.784464299678802 0.784464299678802 0.784464299678802 0.783461511135101 0.783461511135101 0.783461511135101 0.783461511135101 0.783461511135101 0.783461511135101 0.783461511135101 0.791249990463257 0.791249990463257 0.791249990463257 0.791249990463257 0.791249990463257 0.791249990463257 0 0 0 0 0 0 0 0 0 0 0 0 0 0 0 0 0 0 0 0.561538517475128 0.561538517475128 0.561538517475128 0.561538517475128 0.561538517475128 0.561538517475128 0.703461527824402 0.703461527824402 0.703461527824402 0.703461527824402
0.750192284584045 0.750192284584045 0.750192284584045 0.66571432352066 0.7950000166893 0.7950000166893 0.7950000166893 0.7950000166893 0.7950000166893 0.7950000166893 0.784464299678802 0.784464299678802 0.784464299678802 0.784464299678802 0.784464299678802 0.784464299678802 0.790192306041718 0.783461511135101 0.783461511135101 0.783461511135101 0.783461511135101 0.783461511135101 0.796538472175598 0.791249990463257 0.791249990463257 0.791249990463257 0.791249990463257 0.791249990463257 0.779166579246521 0 0 0 0 0 0 0 0 0 0 0 0 0 0 0 0 0 0 0.524999976158142 0.561538517475128 0.561538517475128 0.561538517475128 0.561538517475128 0.561538517475128 0.574999988079071 0.703461527824402 0.703461527824402 0.703461527824402 0.703461527824402
0.750192284584045 0.750192284584045 0.66571432352066 0.66571432352066 0.66571432352066 0.66571432352066 0.7950000166893 0.7950000166893 0.815178573131561 0.815178573131561 0.815178573131561 0.815178573131561 0.784464299678802 0.784464299678802 0.790192306041718 0.790192306041718 0.790192306041718 0.790192306041718 0.783461511135101 0.783461511135101 0.796538472175598 0.796538472175598 0.796538472175598 0.796538472175598 0.796538472175598 0.791249990463257 0.791249990463257 0.779166579246521 0.779166579246521 0.779166579246521 0.779166579246521 0 0 0 0 0 0 0 0 0 0 0 0 0 0 0.524999976158142 0.524999976158142 0.524999976158142 0.524999976158142 0.524999976158142 0.561538517475128 0.561538517475128 0.574999988079071 0.574999988079071 0.574999988079071 0.574999988079071 0.703461527824402 0.703461527824402
0.560714304447174 0.66571432352066 0.66571432352066 0.66571432352066 0.66571432352066 0.66571432352066 0.66571432352066 0.815178573131561 0.815178573131561 0.815178573131561 0.815178573131561 0.815178573131561 0.815178573131561 0.790192306041718 0.790192306041718 0.790192306041718 0.790192306041718 0.790192306041718 0.790192306041718 0.796538472175598 0.796538472175598 0.796538472175598 0.796538472175598 0.796538472175598 0.796538472175598 0.796538472175598 0.779166579246521 0.779166579246521 0.779166579246521 0.779166579246521 0.779166579246521 0.779166579246521 0 0 0 0 0 0 0 0 0 0 0 0 0.524999976158142 0.524999976158142 0.524999976158142 0.524999976158142 0.524999976158142 0.524999976158142 0.524999976158142 0.574999988079071 0.574999988079071 0.574999988079071 0.574999988079071 0.574999988079071 0.574999988079071 0.601363718509674
0.560714304447174 0.66571432352066 0.66571432352066 0.66571432352066 0.66571432352066 0.66571432352066 0.66571432352066 0.815178573131561 0.815178573131561 0.815178573131561 0.815178573131561 0.815178573131561 0.815178573131561 0.790192306041718 0.790192306041718 0.790192306041718 0.790192306041718 0.790192306041718 0.790192306041718 0.796538472175598 0.796538472175598 0.796538472175598 0.796538472175598 0.796538472175598 0.796538472175598 0.796538472175598 0.779166579246521 0.779166579246521 0.779166579246521 0.779166579246521 0.779166579246521 0.779166579246521 0 0 0 0 0 0 0 0 0 0 0 0 0.524999976158142 0.524999976158142 0.524999976158142 0.524999976158142 0.524999976158142 0.524999976158142 0.524999976158142 0.574999988079071 0.574999988079071 0.574999988079071 0.574999988079071 0.574999988079071 0.574999988079071 0.601363718509674
0.560714304447174 0.66571432352066 0.66571432352066 0.66571432352066 0.66571432352066 0.66571432352066 0.66571432352066 0.815178573131561 0.815178573131561 0.815178573131561 0.815178573131561 0.815178573131561 0.815178573131561 0.790192306041718 0.790192306041718 0.790192306041718 0.790192306041718 0.790192306041718 0.790192306041718 0.796538472175598 0.796538472175598 0.796538472175598 0.796538472175598 0.796538472175598 0.796538472175598 0.796538472175598 0.779166579246521 0.779166579246521 0.779166579246521 0.779166579246521 0.779166579246521 0.779166579246521 0 0 0 0 0 0 0 0 0 0 0 0 0.524999976158142 0.524999976158142 0.524999976158142 0.524999976158142 0.524999976158142 0.524999976158142 0.524999976158142 0.574999988079071 0.574999988079071 0.574999988079071 0.574999988079071 0.574999988079071 0.574999988079071 0.601363718509674
0.560714304447174 0.66571432352066 0.66571432352066 0.66571432352066 0.66571432352066 0.66571432352066 0.66571432352066 0.815178573131561 0.815178573131561 0.815178573131561 0.815178573131561 0.815178573131561 0.815178573131561 0.790192306041718 0.790192306041718 0.790192306041718 0.790192306041718 0.790192306041718 0.790192306041718 0.796538472175598 0.796538472175598 0.796538472175598 0.796538472175598 0.796538472175598 0.796538472175598 0.796538472175598 0.779166579246521 0.779166579246521 0.779166579246521 0.779166579246521 0.779166579246521 0.779166579246521 0 0 0 0 0 0 0 0 0 0 0 0 0.524999976158142 0.524999976158142 0.524999976158142 0.524999976158142 0.524999976158142 0.524999976158142 0.524999976158142 0.574999988079071 0.574999988079071 0.574999988079071 0.574999988079071 0.574999988079071 0.574999988079071 0.601363718509674
0.572222173213959 0.572222173213959 0.66571432352066 0.66571432352066 0.66571432352066 0.719772815704346 0.719772815704346 0.719772815704346 0.815178573131561 0.815178573131561 0.815178573131561 0.815178573131561 0.807321429252625 0.807321429252625 0.807321429252625 0.790192306041718 0.790192306041718 0.790192306041718 0.794062495231628 0.794062495231628 0.794062495231628 0.796538472175598 0.796538472175598 0.796538472175598 0.711749970912933 0.711749970912933 0.711749970912933 0.779166579246521 0.779166579246521 0.779166579246521 0.824999988079071 0.824999988079071 0.824999988079071 0 0 0 0 0 0 0 0 0 0 0 0 0 0.524999976158142 0.524999976158142 0.524999976158142 0.524999976158142 0.524999976158142 0.524999976158142 0.574999988079071 0.574999988079071 0.574999988079071 0.555555582046509 0.555555582046509 0.555555582046509
0.572222173213959 0.572222173213959 0.572222173213959 0.572222173213959 0.719772815704346 0.719772815704346 0.719772815704346 0.719772815704346 0.719772815704346 0.719772815704346 0.807321429252625 0.807321429252625 0.807321429252625 0.807321429252625 0.807321429252625 0.807321429252625 0.794062495231628 0.794062495231628 0.794062495231628 0.794062495231628 0.794062495231628 0.794062495231628 0.794062495231628 0.711749970912933 0.711749970912933 0.711749970912933 0.711749970912933 0.711749970912933 0.711749970912933 0.824999988079071 0.824999988079071 0.824999988079071 0.824999988079071 0.824999988079071 0.824999988079071 0 0 0 0 0 0 0 0 0 0 0 0 0 0.524999976158142 0.524999976158142 0.524999976158142 0.524999976158142 0.524999976158142 0.524999976158142 0.555555582046509 0.555555582046509 0.555555582046509 0.555555582046509
0.572222173213959 0.572222173213959 0.572222173213959 0.572222173213959 0.719772815704346 0.719772815704346 0.719772815704346 0.719772815704346 0.719772815704346 0.719772815704346 0.807321429252625 0.807321429252625 0.807321429252625 0.807321429252625 0.807321429252625 0.807321429252625 0.794062495231628 0.794062495231628 0.794062495231628 0.794062495231628 0.794062495231628 0.794062495231628 0.794062495231628 0.711749970912933 0.711749970912933 0.711749970912933 0.711749970912933 0.711749970912933 0.711749970912933 0.824999988079071 0.824999988079071 0.824999988079071 0.824999988079071 0.824999988079071 0.824999988079071 0 0 0 0 0 0 0 0 0 0 0 0 0 0.524999976158142 0.524999976158142 0.524999976158142 0.524999976158142 0.524999976158142 0.524999976158142 0.555555582046509 0.555555582046509 0.555555582046509 0.555555582046509
0.572222173213959 0.572222173213959 0.572222173213959 0.572222173213959 0.719772815704346 0.719772815704346 0.719772815704346 0.719772815704346 0.719772815704346 0.719772815704346 0.807321429252625 0.807321429252625 0.807321429252625 0.807321429252625 0.807321429252625 0.807321429252625 0.794062495231628 0.794062495231628 0.794062495231628 0.794062495231628 0.794062495231628 0.794062495231628 0.794062495231628 0.711749970912933 0.711749970912933 0.711749970912933 0.711749970912933 0.711749970912933 0.711749970912933 0.824999988079071 0.824999988079071 0.824999988079071 0.824999988079071 0.824999988079071 0.824999988079071 0 0 0 0 0 0 0 0 0 0 0 0 0 0.524999976158142 0.524999976158142 0.524999976158142 0.524999976158142 0.524999976158142 0.524999976158142 0.555555582046509 0.555555582046509 0.555555582046509 0.555555582046509
0.572222173213959 0.572222173213959 0.572222173213959 0.572222173213959 0.719772815704346 0.719772815704346 0.719772815704346 0.719772815704346 0.719772815704346 0.719772815704346 0.807321429252625 0.807321429252625 0.807321429252625 0.807321429252625 0.807321429252625 0.807321429252625 0.794062495231628 0.794062495231628 0.794062495231628 0.794062495231628 0.794062495231628 0.794062495231628 0.794062495231628 0.711749970912933 0.711749970912933 0.711749970912933 0.711749970912933 0.711749970912933 0.711749970912933 0.824999988079071 0.824999988079071 0.824999988079071 0.824999988079071 0.824999988079071 0.824999988079071 0 0 0 0 0 0 0 0 0 0 0 0 0 0.524999976158142 0.524999976158142 0.524999976158142 0.524999976158142 0.524999976158142 0.524999976158142 0.555555582046509 0.555555582046509 0.555555582046509 0.555555582046509
0.572222173213959 0.572222173213959 0.572222173213959 0.717000007629395 0.719772815704346 0.719772815704346 0.719772815704346 0.719772815704346 0.719772815704346 0.824999988079071 0.824999988079071 0.807321429252625 0.807321429252625 0.807321429252625 0.807321429252625 0.807321429252625 0.804374992847443 0.794062495231628 0.794062495231628 0.794062495231628 0.794062495231628 0.794062495231628 0.604318201541901 0.711749970912933 0.711749970912933 0.711749970912933 0.711749970912933 0.711749970912933 0 0.824999988079071 0.824999988079071 0.824999988079071 0.824999988079071 0.824999988079071 0 0 0 0 0 0 0 0 0 0 0 0 0 0 0.524999976158142 0.524999976158142 0.524999976158142 0.524999976158142 0.524999976158142 0 0.555555582046509 0.555555582046509 0.555555582046509 0.555555582046509
0.572222173213959 0.717000007629395 0.717000007629395 0.717000007629395 0.717000007629395 0.717000007629395 0.719772815704346 0.719772815704346 0.824999988079071 0.824999988079071 0.824999988079071 0.824999988079071 0.807321429252625 0.807321429252625 0.804374992847443 0.804374992847443 0.804374992847443 0.804374992847443 0.804374992847443 0.794062495231628 0.604318201541901 0.604318201541901 0.604318201541901 0.604318201541901 0.604318201541901 0.711749970912933 0 0 0 0 0 0.824999988079071 0.824999988079071 0 0 0 0 0 0 0 0 0 0 0 0 0 0 0 0 0 0.524999976158142 0 0 0 0 0 0.555555582046509 0.555555582046509
0.631666719913483 0.717000007629395 0.717000007629395 0.717000007629395 0.717000007629395 0.717000007629395 0.717000007629395 0.824999988079071 0.824999988079071 0.824999988079071 0.824999988079071 0.824999988079071 0.824999988079071 0.804374992847443 0.804374992847443 0.804374992847443 0.804374992847443 0.804374992847443 0.804374992847443 0.604318201541901 0.604318201541901 0.604318201541901 0.604318201541901 0.604318201541901 0.604318201541901 0.604318201541901 0 0 0 0 0 0 0 0 0 0 0 0 0 0 0 0 0 0 0 0 0 0 0 0 0 0 0 0 0 0 0 0
0.631666719913483 0.717000007629395 0.717000007629395 0.717000007629395 0.717000007629395 0.717000007629395 0.717000007629395 0.824999988079071 0.824999988079071 0.824999988079071 0.824999988079071 0.824999988079071 0.824999988079071 0.804374992847443 0.804374992847443 0.804374992847443 0.804374992847443 0.804374992847443 0.804374992847443 0.604318201541901 0.604318201541901 0.604318201541901 0.604318201541901 0.604318201541901 0.604318201541901 0.604318201541901 0 0 0 0 0 0 0 0 0 0 0 0 0 0 0 0 0 0 0 0 0 0 0 0 0 0 0 0 0 0 0 0
0.631666719913483 0.717000007629395 0.717000007629395 0.717000007629395 0.717000007629395 0.717000007629395 0.717000007629395 0.824999988079071 0.824999988079071 0.824999988079071 0.824999988079071 0.824999988079071 0.824999988079071 0.804374992847443 0.804374992847443 0.804374992847443 0.804374992847443 0.804374992847443 0.804374992847443 0.604318201541901 0.604318201541901 0.604318201541901 0.604318201541901 0.604318201541901 0.604318201541901 0.604318201541901 0 0 0 0 0 0 0 0 0 0 0 0 0 0 0 0 0 0 0 0 0 0 0 0 0 0 0 0 0 0 0 0
0.631666719913483 0.717000007629395 0.717000007629395 0.717000007629395 0.717000007629395 0.717000007629395 0.717000007629395 0.824999988079071 0.824999988079071 0.824999988079071 0.824999988079071 0.824999988079071 0.824999988079071 0.804374992847443 0.804374992847443 0.804374992847443 0.804374992847443 0.804374992847443 0.804374992847443 0.604318201541901 0.604318201541901 0.604318201541901 0.604318201541901 0.604318201541901 0.604318201541901 0.604318201541901 0 0 0 0 0 0 0 0 0 0 0 0 0 0 0 0 0 0 0 0 0 0 0 0 0 0 0 0 0 0 0 0
-2 -2 0.717000007629395 0.717000007629395 0.717000007629395 -2 -2 -2 -2 0.824999988079071 0.824999988079071 -2 -2 -2 -2 0.804374992847443 0.804374992847443 0.804374992847443 0.641250014305115 0.641250014305115 0.641250014305115 0.604318201541901 0.604318201541901 0.604318201541901 0.537500023841858 0.537500023841858 0.537500023841858 0 0 0 0 0 0 0 0 0 0 0 0 0 0 0 0 0.944999992847443 0.944999992847443 0.944999992847443 0 0 0 0.915000021457672 0.915000021457672 0.915000021457672 0 0 0 0 0 0
-2 -2 -2 -2 -2 -2 -2 -2 -2 -2 -2 -2 -2 -2 -2 -2 0.641250014305115 0.641250014305115 0.641250014305115 0.641250014305115 0.641250014305115 0.641250014305115 0.641250014305115 0.537500023841858 0.537500023841858 0.537500023841858 0.537500023841858 0.537500023841858 0.537500023841858 0 0 0 0 0 0 0 0 0 0 0 0 0.944999992847443 0.944999992847443 0.944999992847443 0.944999992847443 0.944999992847443 0.944999992847443 0.944999992847443 0.915000021457672 0.915000021457672 0.915000021457672 0.915000021457672 0.915000021457672 0.915000021457672 0 0 0 0
