input/Helperscripts_for_Input/nws/soil_fertility.asc
ncols         406
nrows         256
xllcorner     301413.09
yllcorner     5677998.2720308
cellsize      160
NODATA_value  -2
[rows 144 to 179 of 256, columns 162 to 242 of 406]
0.7725 0.7778571 0.7778571 0.7778571 0.7778571 0.7778571 0.7778571 0.765 0.765 0.765 0.765 0.765 0.765 0.7811539 0.7811539 0.7811539 0.7811539 0.7811539 0.7811539 0.775 0.775 0.775 0.775 0.775 0.775 0.775 0.7880769 0.7880769 0.7880769 0.7880769 0.7880769 0.7880769 0.7885714 0.7885714 0.7885714 0.7885714 0.7885714 0.7885714 0.785 0.785 0.785 0.785 0.785 0.785 0.7735714 0.7735714 0.7735714 0.7735714 0.7735714 0.7735714 0.7735714 0.78 0.78 0.78 0.78 0.78 0.78 0.765 0.765 0.765 0.765 0.765 0.765 0.795 0.795 0.795 0.795 0.795 0.795 0.69 0.69 0.69 0.69 0.69 0.69 0.69 0.69 0.69 0.69 0.69 0.69
0.7725 0.7778571 0.7778571 0.7778571 0.7778571 0.7778571 0.7778571 0.765 0.765 0.765 0.765 0.765 0.765 0.7811539 0.7811539 0.7811539 0.7811539 0.7811539 0.7811539 0.775 0.775 0.775 0.775 0.775 0.775 0.775 0.7880769 0.7880769 0.7880769 0.7880769 0.7880769 0.7880769 0.7885714 0.7885714 0.7885714 0.7885714 0.7885714 0.7885714 0.785 0.785 0.785 0.785 0.785 0.785 0.7735714 0.7735714 0.7735714 0.7735714 0.7735714 0.7735714 0.7735714 0.78 0.78 0.78 0.78 0.78 0.78 0.765 0.765 0.765 0.765 0.765 0.765 0.795 0.795 0.795 0.795 0.795 0.795 0.69 0.69 0.69 0.69 0.69 0.69 0.69 0.69 0.69 0.69 0.69 0.69
0.78 0.7778571 0.7778571 0.7778571 0.7778571 0.7778571 0.7704545 0.7704545 0.765 0.765 0.765 0.765 0.7842857 0.7842857 0.7811539 0.7811539 0.7811539 0.7811539 0.775 0.775 0.775 0.775 0.775 0.775 0.775 0.785 0.7880769 0.7880769 0.7880769 0.7880769 0.7880769 0.775 0.775 0.7885714 0.7885714 0.7885714 0.7885714 0.795 0.795 0.785 0.785 0.785 0.785 0.783 0.783 0.7735714 0.7735714 0.7735714 0.7735714 0.7735714 0.765 0.78 0.78 0.78 0.78 0.78 0.765 0.765 0.765 0.765 0.765 0.765 0.78 0.78 0.795 0.795 0.795 0.795 0.7869231 0.7869231 0.69 0.69 0.69 0.69 0.69 0.69 0.69 0.69 0.69 0.69 0.69
0.78 0.78 0.78 0.7778571 0.7704545 0.7704545 0.7704545 0.7704545 0.7704545 0.765 0.7842857 0.7842857 0.7842857 0.7842857 0.7842857 0.7842857 0.7811539 0.775 0.775 0.775 0.775 0.775 0.775 0.785 0.785 0.785 0.785 0.785 0.7880769 0.775 0.775 0.775 0.775 0.775 0.7885714 0.795 0.795 0.795 0.795 0.795 0.795 0.785 0.783 0.783 0.783 0.783 0.783 0.7735714 0.765 0.765 0.765 0.765 0.765 0.78 0.765 0.765 0.765 0.765 0.765 0.765 0.78 0.78 0.78 0.78 0.78 0.78 0.795 0.7869231 0.7869231 0.7869231 0.7869231 0.7869231 0.69 0.69 0.69 0.69 0.69 0.69 0.69 0.69 0.69
0.78 0.78 0.78 0.78 0.7704545 0.7704545 0.7704545 0.7704545 0.7704545 0.7704545 0.7842857 0.7842857 0.7842857 0.7842857 0.7842857 0.7842857 0.775 0.775 0.775 0.775 0.775 0.775 0.785 0.785 0.785 0.785 0.785 0.785 0.785 0.775 0.775 0.775 0.775 0.775 0.775 0.795 0.795 0.795 0.795 0.795 0.795 0.783 0.783 0.783 0.783 0.783 0.783 0.765 0.765 0.765 0.765 0.765 0.765 0.765 0.765 0.765 0.765 0.765 0.765 0.765 0.78 0.78 0.78 0.78 0.78 0.78 0.7869231 0.7869231 0.7869231 0.7869231 0.7869231 0.7869231 0.69 0.69 0.69 0.69 0.69 0.69 0.69 0.69 0.69
0.78 0.78 0.78 0.78 0.7704545 0.7704545 0.7704545 0.7704545 0.7704545 0.7704545 0.7842857 0.7842857 0.7842857 0.7842857 0.7842857 0.7842857 0.775 0.775 0.775 0.775 0.775 0.775 0.785 0.785 0.785 0.785 0.785 0.785 0.785 0.775 0.775 0.775 0.775 0.775 0.775 0.795 0.795 0.795 0.795 0.795 0.795 0.783 0.783 0.783 0.783 0.783 0.783 0.765 0.765 0.765 0.765 0.765 0.765 0.765 0.765 0.765 0.765 0.765 0.765 0.765 0.78 0.78 0.78 0.78 0.78 0.78 0.7869231 0.7869231 0.7869231 0.7869231 0.7869231 0.7869231 0.69 0.69 0.69 0.69 0.69 0.69 0.69 0.69 0.69
0.78 0.78 0.78 0.78 0.7704545 0.7704545 0.7704545 0.7704545 0.7704545 0.7704545 0.7842857 0.7842857 0.7842857 0.7842857 0.7842857 0.7842857 0.775 0.775 0.775 0.775 0.775 0.775 0.785 0.785 0.785 0.785 0.785 0.785 0.785 0.775 0.775 0.775 0.775 0.775 0.775 0.795 0.795 0.795 0.795 0.795 0.795 0.783 0.783 0.783 0.783 0.783 0.783 0.765 0.765 0.765 0.765 0.765 0.765 0.765 0.765 0.765 0.765 0.765 0.765 0.765 0.78 0.78 0.78 0.78 0.78 0.78 0.7869231 0.7869231 0.7869231 0.7869231 0.7869231 0.7869231 0.69 0.69 0.69 0.69 0.69 0.69 0.69 0.69 0.69
0.78 0.78 0.78 0.7885714 0.7704545 0.7704545 0.7704545 0.7704545 0.7704545 0.7704545 0.7842857 0.7842857 0.7842857 0.7842857 0.7842857 0.7842857 0.775 0.775 0.775 0.775 0.775 0.775 0.7757143 0.785 0.785 0.785 0.785 0.785 0.783 0.775 0.775 0.775 0.775 0.775 0.775 0.795 0.795 0.795 0.795 0.795 0.795 0.783 0.783 0.783 0.783 0.783 0.783 0 0.765 0.765 0.765 0.765 0.765 0.775 0.765 0.765 0.765 0.765 0.765 0.765 0.78 0.78 0.78 0.78 0.78 0.78 0.7869231 0.7869231 0.7869231 0.7869231 0.7869231 0.7869231 0.7546154 0.69 0.69 0.69 0.69 0.69 0.69 0.69 0.69
0.78 0.78 0.7885714 0.7885714 0.7885714 0.7885714 0.7704545 0.7704545 0.756 0.756 0.756 0.756 0.7842857 0.7842857 0.7534615 0.7534615 0.7534615 0.7534615 0.775 0.775 0.7757143 0.7757143 0.7757143 0.7757143 0.785 0.785 0.785 0.783 0.783 0.783 0.783 0.775 0.775 0.795 0.795 0.795 0.795 0.795 0.795 0 0 0 0 0.783 0.783 0 0 0 0 0.765 0.765 0.765 0.775 0.775 0.775 0.775 0.765 0.765 0.765 0.765 0.765 0.765 0.78 0.78 0.7885714 0.7885714 0.7885714 0.7885714 0.7869231 0.7869231 0.7546154 0.7546154 0.7546154 0.7546154 0.69 0.69 0.69 0.69 0.69 0.69 0.69
0.785 0.7885714 0.7885714 0.7885714 0.7885714 0.7885714 0.7885714 0.756 0.756 0.756 0.756 0.756 0.756 0.7534615 0.7534615 0.7534615 0.7534615 0.7534615 0.7534615 0.7757143 0.7757143 0.7757143 0.7757143 0.7757143 0.7757143 0.7757143 0.783 0.783 0.783 0.783 0.783 0.783 0.795 0.795 0.795 0.795 0.795 0.795 0 0 0 0 0 0 0 0 0 0 0 0 0 0.775 0.775 0.775 0.775 0.775 0.775 0.765 0.765 0.765 0.765 0.765 0.765 0.7885714 0.7885714 0.7885714 0.7885714 0.7885714 0.7885714 0.7546154 0.7546154 0.7546154 0.7546154 0.7546154 0.7546154 0.7546154 0.69 0.69 0.69 0.69 0.69
0.785 0.7885714 0.7885714 0.7885714 0.7885714 0.7885714 0.7885714 0.756 0.756 0.756 0.756 0.756 0.756 0.7534615 0.7534615 0.7534615 0.7534615 0.7534615 0.7534615 0.7757143 0.7757143 0.7757143 0.7757143 0.7757143 0.7757143 0.7757143 0.783 0.783 0.783 0.783 0.783 0.783 0.795 0.795 0.795 0.795 0.795 0.795 0 0 0 0 0 0 0 0 0 0 0 0 0 0.775 0.775 0.775 0.775 0.775 0.775 0.765 0.765 0.765 0.765 0.765 0.765 0.7885714 0.7885714 0.7885714 0.7885714 0.7885714 0.7885714 0.7546154 0.7546154 0.7546154 0.7546154 0.7546154 0.7546154 0.7546154 0.69 0.69 0.69 0.69 0.69
0.785 0.7885714 0.7885714 0.7885714 0.7885714 0.7885714 0.7885714 0.756 0.756 0.756 0.756 0.756 0.756 0.7534615 0.7534615 0.7534615 0.7534615 0.7534615 0.7534615 0.7757143 0.7757143 0.7757143 0.7757143 0.7757143 0.7757143 0.7757143 0.783 0.783 0.783 0.783 0.783 0.783 0.795 0.795 0.795 0.795 0.795 0.795 0 0 0 0 0 0 0 0 0 0 0 0 0 0.775 0.775 0.775 0.775 0.775 0.775 0.765 0.765 0.765 0.765 0.765 0.765 0.7885714 0.7885714 0.7885714 0.7885714 0.7885714 0.7885714 0.7546154 0.7546154 0.7546154 0.7546154 0.7546154 0.7546154 0.7546154 0.69 0.69 0.69 0.69 0.69
0.785 0.7885714 0.7885714 0.7885714 0.7885714 0.7885714 0.7885714 0.756 0.756 0.756 0.756 0.756 0.756 0.7534615 0.7534615 0.7534615 0.7534615 0.7534615 0.7534615 0.7757143 0.7757143 0.7757143 0.7757143 0.7757143 0.7757143 0.7757143 0.783 0.783 0.783 0.783 0.783 0.783 0.795 0.795 0.795 0.795 0.795 0.795 0 0 0 0 0 0 0 0 0 0 0 0 0 0.775 0.775 0.775 0.775 0.775 0.775 0.765 0.765 0.765 0.765 0.765 0.765 0.7885714 0.7885714 0.7885714 0.7885714 0.7885714 0.7885714 0.7546154 0.7546154 0.7546154 0.7546154 0.7546154 0.7546154 0.7546154 0.69 0.69 0.69 0.69 0.69
0.79125 0.79125 0.7885714 0.7885714 0.7885714 0.7783333 0.7783333 0.7783333 0.756 0.756 0.756 0.756 0.7735714 0.7735714 0.7534615 0.7534615 0.7534615 0.7534615 0.7834615 0.7834615 0.7834615 0.7757143 0.7757143 0.7757143 0.7673077 0.7673077 0.7673077 0.783 0.783 0.783 0.775 0.775 0.775 0.795 0.795 0.795 0.795 0.7864286 0.7864286 0 0 0 0 0.795 0.795 0.795 0 0 0 0.795 0.795 0.795 0.775 0.775 0.775 0.7675 0.7675 0.7675 0.765 0.765 0.765 0.765 0.7885714 0.7885714 0.7885714 0.7885714 0.7885714 0.7885714 0.7880769 0.7880769 0.7880769 0.7546154 0.7546154 0.7546154 0.73375 0.73375 0.73375 0.69 0.69 0.69 0.69
0.79125 0.79125 0.79125 0.79125 0.7783333 0.7783333 0.7783333 0.7783333 0.7783333 0.7783333 0.7735714 0.7735714 0.7735714 0.7735714 0.7735714 0.7735714 0.7834615 0.7834615 0.7834615 0.7834615 0.7834615 0.7834615 0.7673077 0.7673077 0.7673077 0.7673077 0.7673077 0.7673077 0.7673077 0.775 0.775 0.775 0.775 0.775 0.775 0.7864286 0.7864286 0.7864286 0.7864286 0.7864286 0.7864286 0.795 0.795 0.795 0.795 0.795 0.795 0.795 0.795 0.795 0.795 0.795 0.795 0.795 0.7675 0.7675 0.7675 0.7675 0.7675 0.7675 0.7885714 0.7885714 0.7885714 0.7885714 0.7885714 0.7885714 0.7880769 0.7880769 0.7880769 0.7880769 0.7880769 0.7880769 0.73375 0.73375 0.73375 0.73375 0.73375 0.73375 0.73375 0.69 0.69
0.79125 0.79125 0.79125 0.79125 0.7783333 0.7783333 0.7783333 0.7783333 0.7783333 0.7783333 0.7735714 0.7735714 0.7735714 0.7735714 0.7735714 0.7735714 0.7834615 0.7834615 0.7834615 0.7834615 0.7834615 0.7834615 0.7673077 0.7673077 0.7673077 0.7673077 0.7673077 0.7673077 0.7673077 0.775 0.775 0.775 0.775 0.775 0.775 0.7864286 0.7864286 0.7864286 0.7864286 0.7864286 0.7864286 0.795 0.795 0.795 0.795 0.795 0.795 0.795 0.795 0.795 0.795 0.795 0.795 0.795 0.7675 0.7675 0.7675 0.7675 0.7675 0.7675 0.7885714 0.7885714 0.7885714 0.7885714 0.7885714 0.7885714 0.7880769 0.7880769 0.7880769 0.7880769 0.7880769 0.7880769 0.73375 0.73375 0.73375 0.73375 0.73375 0.73375 0.73375 0.69 0.69
0.79125 0.79125 0.79125 0.79125 0.7783333 0.7783333 0.7783333 0.7783333 0.7783333 0.7783333 0.7735714 0.7735714 0.7735714 0.7735714 0.7735714 0.7735714 0.7834615 0.7834615 0.7834615 0.7834615 0.7834615 0.7834615 0.7673077 0.7673077 0.7673077 0.7673077 0.7673077 0.7673077 0.7673077 0.775 0.775 0.775 0.775 0.775 0.775 0.7864286 0.7864286 0.7864286 0.7864286 0.7864286 0.7864286 0.795 0.795 0.795 0.795 0.795 0.795 0.795 0.795 0.795 0.795 0.795 0.795 0.795 0.7675 0.7675 0.7675 0.7675 0.7675 0.7675 0.7885714 0.7885714 0.7885714 0.7885714 0.7885714 0.7885714 0.7880769 0.7880769 0.7880769 0.7880769 0.7880769 0.7880769 0.73375 0.73375 0.73375 0.73375 0.73375 0.73375 0.73375 0.69 0.69
0.79125 0.79125 0.79125 0.79125 0.7783333 0.7783333 0.7783333 0.7783333 0.7783333 0.7783333 0.7735714 0.7735714 0.7735714 0.7735714 0.7735714 0.7735714 0.7834615 0.7834615 0.7834615 0.7834615 0.7834615 0.7834615 0.7673077 0.7673077 0.7673077 0.7673077 0.7673077 0.7673077 0.7673077 0.775 0.775 0.775 0.775 0.775 0.775 0.7864286 0.7864286 0.7864286 0.7864286 0.7864286 0.7864286 0.795 0.795 0.795 0.795 0.795 0.795 0.795 0.795 0.795 0.795 0.795 0.795 0.795 0.7675 0.7675 0.7675 0.7675 0.7675 0.7675 0.7885714 0.7885714 0.7885714 0.7885714 0.7885714 0.7885714 0.7880769 0.7880769 0.7880769 0.7880769 0.7880769 0.7880769 0.73375 0.73375 0.73375 0.73375 0.73375 0.73375 0.73375 0.69 0.69
0.79125 0.79125 0.79125 0.7816667 0.7783333 0.7783333 0.7783333 0.7783333 0.7783333 0.795 0.7735714 0.7735714 0.7735714 0.7735714 0.7735714 0.7735714 0.795 0.7834615 0.7834615 0.7834615 0.7834615 0.7834615 0.795 0.7673077 0.7673077 0.7673077 0.7673077 0.7673077 0.7907143 0.775 0.775 0.775 0.775 0.775 0.7842857 0.7864286 0.7864286 0.7864286 0.7864286 0.7864286 0.7864286 0.795 0.795 0.795 0.795 0.795 0.795 0.795 0.795 0.795 0.795 0.795 0.795 0.777 0.7675 0.7675 0.7675 0.7675 0.7675 0.7816667 0.7885714 0.7885714 0.7885714 0.7885714 0.7885714 0.7885714 0.785 0.7880769 0.7880769 0.7880769 0.7880769 0.7880769 0.792 0.73375 0.73375 0.73375 0.73375 0.73375 0.659 0.69 0.69
0.79125 0.7816667 0.7816667 0.7816667 0.7816667 0.7816667 0.7783333 0.7783333 0.795 0.795 0.795 0.795 0.7735714 0.7735714 0.795 0.795 0.795 0.795 0.7834615 0.7834615 0.795 0.795 0.795 0.795 0.795 0.7673077 0.7907143 0.7907143 0.7907143 0.7907143 0.7907143 0.775 0.775 0.7842857 0.7842857 0.7842857 0.7842857 0.7864286 0.7864286 0.795 0.795 0.795 0.795 0.795 0.795 0.795 0.795 0.795 0.795 0.795 0.795 0.777 0.777 0.777 0.777 0.777 0.7675 0.7675 0.7816667 0.7816667 0.7816667 0.7816667 0.7885714 0.7885714 0.785 0.785 0.785 0.785 0.7880769 0.7880769 0.792 0.792 0.792 0.792 0.792 0.73375 0.659 0.659 0.659 0.659 0.659
0.7925 0.7816667 0.7816667 0.7816667 0.7816667 0.7816667 0.7816667 0.795 0.795 0.795 0.795 0.795 0.795 0.795 0.795 0.795 0.795 0.795 0.795 0.795 0.795 0.795 0.795 0.795 0.795 0.795 0.7907143 0.7907143 0.7907143 0.7907143 0.7907143 0.7907143 0.7842857 0.7842857 0.7842857 0.7842857 0.7842857 0.7842857 0.795 0.795 0.795 0.795 0.795 0.795 0.795 0.795 0.795 0.795 0.795 0.795 0.795 0.777 0.777 0.777 0.777 0.777 0.777 0.7816667 0.7816667 0.7816667 0.7816667 0.7816667 0.7816667 0.785 0.785 0.785 0.785 0.785 0.785 0.792 0.792 0.792 0.792 0.792 0.792 0.792 0.659 0.659 0.659 0.659 0.659
0.7925 0.7816667 0.7816667 0.7816667 0.7816667 0.7816667 0.7816667 0.795 0.795 0.795 0.795 0.795 0.795 0.795 0.795 0.795 0.795 0.795 0.795 0.795 0.795 0.795 0.795 0.795 0.795 0.795 0.7907143 0.7907143 0.7907143 0.7907143 0.7907143 0.7907143 0.7842857 0.7842857 0.7842857 0.7842857 0.7842857 0.7842857 0.795 0.795 0.795 0.795 0.795 0.795 0.795 0.795 0.795 0.795 0.795 0.795 0.795 0.777 0.777 0.777 0.777 0.777 0.777 0.7816667 0.7816667 0.7816667 0.7816667 0.7816667 0.7816667 0.785 0.785 0.785 0.785 0.785 0.785 0.792 0.792 0.792 0.792 0.792 0.792 0.792 0.659 0.659 0.659 0.659 0.659
0.7925 0.7816667 0.7816667 0.7816667 0.7816667 0.7816667 0.7816667 0.795 0.795 0.795 0.795 0.795 0.795 0.795 0.795 0.795 0.795 0.795 0.795 0.795 0.795 0.795 0.795 0.795 0.795 0.795 0.7907143 0.7907143 0.7907143 0.7907143 0.7907143 0.7907143 0.7842857 0.7842857 0.7842857 0.7842857 0.7842857 0.7842857 0.795 0.795 0.795 0.795 0.795 0.795 0.795 0.795 0.795 0.795 0.795 0.795 0.795 0.777 0.777 0.777 0.777 0.777 0.777 0.7816667 0.7816667 0.7816667 0.7816667 0.7816667 0.7816667 0.785 0.785 0.785 0.785 0.785 0.785 0.792 0.792 0.792 0.792 0.792 0.792 0.792 0.659 0.659 0.659 0.659 0.659
0.7925 0.7816667 0.7816667 0.7816667 0.7816667 0.7816667 0.7816667 0.795 0.795 0.795 0.795 0.795 0.795 0.795 0.795 0.795 0.795 0.795 0.795 0.795 0.795 0.795 0.795 0.795 0.795 0.795 0.7907143 0.7907143 0.7907143 0.7907143 0.7907143 0.7907143 0.7842857 0.7842857 0.7842857 0.7842857 0.7842857 0.7842857 0.795 0.795 0.795 0.795 0.795 0.795 0.795 0.795 0.795 0.795 0.795 0.795 0.795 0.777 0.777 0.777 0.777 0.777 0.777 0.7816667 0.7816667 0.7816667 0.7816667 0.7816667 0.7816667 0.785 0.785 0.785 0.785 0.785 0.785 0.792 0.792 0.792 0.792 0.792 0.792 0.792 0.659 0.659 0.659 0.659 0.659
0.795 0.795 0.7816667 0.7816667 0.7816667 0.795 0.795 0.795 0.795 0.795 0.795 0.795 0.795 0.795 0.795 0.795 0.795 0.795 0.795 0.795 0.795 0.795 0.795 0.795 0.79 0.79 0.79 0.7907143 0.7907143 0.7907143 0.792 0.792 0.792 0.7842857 0.7842857 0.7842857 0.7880769 0.7880769 0.7880769 0.7880769 0.795 0.795 0.795 0.795 0.795 0.795 0.795 0.795 0.795 0.785 0.785 0.785 0.777 0.777 0.777 0.777 0.777 0.777 0.7816667 0.7816667 0.7816667 0.785 0.785 0.785 0.785 0.785 0.785 0.785 0.775 0.775 0.775 0.792 0.792 0.792 0.7191667 0.7191667 0.7191667 0.659 0.659 0.659 0.575
0.795 0.795 0.795 0.795 0.795 0.795 0.795 0.795 0.795 0.795 0.795 0.795 0.795 0.795 0.795 0.795 0.795 0.795 0.795 0.795 0.795 0.795 0.79 0.79 0.79 0.79 0.79 0.79 0.79 0.792 0.792 0.792 0.792 0.792 0.792 0.7880769 0.7880769 0.7880769 0.7880769 0.7880769 0.7880769 0.795 0.795 0.795 0.795 0.795 0.795 0.785 0.785 0.785 0.785 0.785 0.785 0.785 0.777 0.777 0.777 0.777 0.777 0.777 0.785 0.785 0.785 0.785 0.785 0.785 0.775 0.775 0.775 0.775 0.775 0.775 0.7191667 0.7191667 0.7191667 0.7191667 0.7191667 0.7191667 0.7191667 0.575 0.575
0.795 0.795 0.795 0.795 0.795 0.795 0.795 0.795 0.795 0.795 0.795 0.795 0.795 0.795 0.795 0.795 0.795 0.795 0.795 0.795 0.795 0.795 0.79 0.79 0.79 0.79 0.79 0.79 0.79 0.792 0.792 0.792 0.792 0.792 0.792 0.7880769 0.7880769 0.7880769 0.7880769 0.7880769 0.7880769 0.795 0.795 0.795 0.795 0.795 0.795 0.785 0.785 0.785 0.785 0.785 0.785 0.785 0.777 0.777 0.777 0.777 0.777 0.777 0.785 0.785 0.785 0.785 0.785 0.785 0.775 0.775 0.775 0.775 0.775 0.775 0.7191667 0.7191667 0.7191667 0.7191667 0.7191667 0.7191667 0.7191667 0.575 0.575
0.795 0.795 0.795 0.795 0.795 0.795 0.795 0.795 0.795 0.795 0.795 0.795 0.795 0.795 0.795 0.795 0.795 0.795 0.795 0.795 0.795 0.795 0.79 0.79 0.79 0.79 0.79 0.79 0.79 0.792 0.792 0.792 0.792 0.792 0.792 0.7880769 0.7880769 0.7880769 0.7880769 0.7880769 0.7880769 0.795 0.795 0.795 0.795 0.795 0.795 0.785 0.785 0.785 0.785 0.785 0.785 0.785 0.777 0.777 0.777 0.777 0.777 0.777 0.785 0.785 0.785 0.785 0.785 0.785 0.775 0.775 0.775 0.775 0.775 0.775 0.7191667 0.7191667 0.7191667 0.7191667 0.7191667 0.7191667 0.7191667 0.575 0.575
0.795 0.795 0.795 0.795 0.795 0.795 0.795 0.795 0.795 0.795 0.795 0.795 0.795 0.795 0.795 0.795 0.795 0.795 0.795 0.795 0.795 0.795 0.79 0.79 0.79 0.79 0.79 0.79 0.79 0.792 0.792 0.792 0.792 0.792 0.792 0.7880769 0.7880769 0.7880769 0.7880769 0.7880769 0.7880769 0.795 0.795 0.795 0.795 0.795 0.795 0.785 0.785 0.785 0.785 0.785 0.785 0.785 0.777 0.777 0.777 0.777 0.777 0.777 0.785 0.785 0.785 0.785 0.785 0.785 0.775 0.775 0.775 0.775 0.775 0.775 0.7191667 0.7191667 0.7191667 0.7191667 0.7191667 0.7191667 0.7191667 0.575 0.575
0.795 0.795 0.795 0.795 0.795 0.795 0.795 0.795 0.795 0.795 0.795 0.795 0.795 0.795 0.795 0.795 0.795 0.795 0.795 0.795 0.795 0.795 0.795 0.79 0.79 0.79 0.79 0.79 0.795 0.792 0.792 0.792 0.792 0.792 0.795 0.795 0.7880769 0.7880769 0.7880769 0.7880769 0.7868182 0.7868182 0.795 0.795 0.795 0.795 0.795 0.7788461 0.785 0.785 0.785 0.785 0.785 0.777 0.777 0.777 0.777 0.777 0.777 0.78 0.78 0.785 0.785 0.785 0.785 0.795 0.795 0.775 0.775 0.775 0.775 0.775 0.777 0.7191667 0.7191667 0.7191667 0.7191667 0.7191667 0 0.575 0.575
0.795 0.795 0.795 0.795 0.795 0.795 0.795 0.795 0.795 0.795 0.795 0.795 0.795 0.795 0.795 0.795 0.795 0.795 0.795 0.795 0.795 0.795 0.795 0.795 0.795 0.79 0.795 0.795 0.795 0.795 0.795 0.792 0.795 0.795 0.795 0.795 0.795 0.7880769 0.7880769 0.7868182 0.7868182 0.7868182 0.7868182 0.7868182 0.795 0.7788461 0.7788461 0.7788461 0.7788461 0.7788461 0.785 0.777 0.777 0.777 0.777 0.777 0.777 0.78 0.78 0.78 0.78 0.78 0.785 0.785 0.795 0.795 0.795 0.795 0.795 0.775 0.777 0.777 0.777 0.777 0.777 0.7191667 0 0 0 0 0
0.795 0.795 0.795 0.795 0.795 0.795 0.795 0.795 0.795 0.795 0.795 0.795 0.795 0.795 0.795 0.795 0.795 0.795 0.795 0.795 0.795 0.795 0.795 0.795 0.795 0.795 0.795 0.795 0.795 0.795 0.795 0.795 0.795 0.795 0.795 0.795 0.795 0.795 0.7868182 0.7868182 0.7868182 0.7868182 0.7868182 0.7868182 0.7788461 0.7788461 0.7788461 0.7788461 0.7788461 0.7788461 0.7788461 0.777 0.777 0.777 0.777 0.777 0.777 0.78 0.78 0.78 0.78 0.78 0.78 0.795 0.795 0.795 0.795 0.795 0.795 0.777 0.777 0.777 0.777 0.777 0.777 0.777 0 0 0 0 0
0.795 0.795 0.795 0.795 0.795 0.795 0.795 0.795 0.795 0.795 0.795 0.795 0.795 0.795 0.795 0.795 0.795 0.795 0.795 0.795 0.795 0.795 0.795 0.795 0.795 0.795 0.795 0.795 0.795 0.795 0.795 0.795 0.795 0.795 0.795 0.795 0.795 0.795 0.7868182 0.7868182 0.7868182 0.7868182 0.7868182 0.7868182 0.7788461 0.7788461 0.7788461 0.7788461 0.7788461 0.7788461 0.7788461 0.777 0.777 0.777 0.777 0.777 0.777 0.78 0.78 0.78 0.78 0.78 0.78 0.795 0.795 0.795 0.795 0.795 0.795 0.777 0.777 0.777 0.777 0.777 0.777 0.777 0 0 0 0 0
0.795 0.795 0.795 0.795 0.795 0.795 0.795 0.795 0.795 0.795 0.795 0.795 0.795 0.795 0.795 0.795 0.795 0.795 0.795 0.795 0.795 0.795 0.795 0.795 0.795 0.795 0.795 0.795 0.795 0.795 0.795 0.795 0.795 0.795 0.795 0.795 0.795 0.795 0.7868182 0.7868182 0.7868182 0.7868182 0.7868182 0.7868182 0.7788461 0.7788461 0.7788461 0.7788461 0.7788461 0.7788461 0.7788461 0.777 0.777 0.777 0.777 0.777 0.777 0.78 0.78 0.78 0.78 0.78 0.78 0.795 0.795 0.795 0.795 0.795 0.795 0.777 0.777 0.777 0.777 0.777 0.777 0.777 0 0 0 0 0
0.795 0.795 0.795 0.795 0.795 0.795 0.795 0.795 0.795 0.795 0.795 0.795 0.795 0.795 0.795 0.795 0.795 0.795 0.795 0.795 0.795 0.795 0.795 0.795 0.795 0.7216667 0.795 0.795 0.795 0.795 0.795 0.795 0.795 0.795 0.795 0.795 0.795 0.795 0.7868182 0.7868182 0.7868182 0.7868182 0.7868182 0.7868182 0.7788461 0.7788461 0.7788461 0.7788461 0.7788461 0.7788461 0.78 0.777 0.777 0.777 0.777 0.777 0.777 0.78 0.78 0.78 0.78 0.78 0.78 0.795 0.795 0.795 0.795 0.795 0.795 0.777 0.777 0.777 0.777 0.777 0.777 0.775 0 0 0 0 0
0.795 0.795 0.795 0.795 0.795 0.795 0.795 0.795 0.795 0.795 0.795 0.795 0.795 0.795 0.795 0.795 0.795 0.795 0.795 0.795 0.795 0.795 0.795 0.795 0.7216667 0.7216667 0.7216667 0.795 0.795 0.795 0.792 0.792 0.792 0.792 0.795 0.795 0 0 0 0 0.7868182 0.7868182 0.775 0.775 0.775 0.775 0.7788461 0.7788461 0.7788461 0.78 0.78 0.78 0.777 0.777 0.777 0.765 0.765 0.765 0.765 0.78 0.78 0.7516667 0.7516667 0.7516667 0.7516667 0.795 0.795 0.7725 0.7725 0.7725 0.7725 0.777 0.777 0.777 0.775 0.775 0.775 0 0 0 0
