input/Helperscripts_for_Input/nws/soilfertilityfrompatch.asc
NCOLS 406 
NROWS 256 
XLLCORNER 301413.09 
YLLCORNER 5677998.2720308 
CELLSIZE 160 
NODATA_value -9999 
[rows 208 to 233 of 256, columns 232 to 289 of 406]
0.754999995231628 0.754999995231628 0.754999995231628 0.754999995231628 0.754999995231628 0.754999995231628 0.7950000166893 0.7950000166893 0.7950000166893 0.7950000166893 0.7950000166893 0.7950000166893 0.772499978542328 0.772499978542328 0.772499978542328 0.772499978542328 0.772499978542328 0.772499978542328 0.774230778217316 0.774230778217316 0.774230778217316 0.774230778217316 0.774230778217316 0.774230778217316 0.763928592205048 0.763928592205048 0.763928592205048 0.763928592205048 0.763928592205048 0.763928592205048 0.763928592205048 0.648750007152557 0.648750007152557 0.648750007152557 0.648750007152557 0.648750007152557 0.648750007152557 0.782307684421539 0.782307684421539 0.782307684421539 0.782307684421539 0.782307684421539 0.782307684421539 0.78576922416687 0.78576922416687 0.78576922416687 0.78576922416687 0.78576922416687 0.78576922416687 0.773999989032745 0.773999989032745 0.773999989032745 0.773999989032745 0.773999989032745 0.773999989032745 0.773999989032745 -2 -2
0.754999995231628 0.754999995231628 0.754999995231628 0.754999995231628 0.754999995231628 0.754999995231628 0.7950000166893 0.7950000166893 0.7950000166893 0.7950000166893 0.7950000166893 0.7950000166893 0.772499978542328 0.772499978542328 0.772499978542328 0.772499978542328 0.772499978542328 0.772499978542328 0.774230778217316 0.774230778217316 0.774230778217316 0.774230778217316 0.774230778217316 0.774230778217316 0.763928592205048 0.763928592205048 0.763928592205048 0.763928592205048 0.763928592205048 0.763928592205048 0.763928592205048 0.648750007152557 0.648750007152557 0.648750007152557 0.648750007152557 0.648750007152557 0.648750007152557 0.782307684421539 0.782307684421539 0.782307684421539 0.782307684421539 0.782307684421539 0.782307684421539 0.78576922416687 0.78576922416687 0.78576922416687 0.78576922416687 0.78576922416687 0.78576922416687 0.773999989032745 0.773999989032745 0.773999989032745 0.773999989032745 0.773999989032745 0.773999989032745 0.773999989032745 -2 -2
0.754999995231628 0.754999995231628 0.754999995231628 0.754999995231628 0.754999995231628 0.754999995231628 0.7950000166893 0.7950000166893 0.7950000166893 0.7950000166893 0.7950000166893 0.7950000166893 0.772499978542328 0.772499978542328 0.772499978542328 0.772499978542328 0.772499978542328 0.772499978542328 0.774230778217316 0.774230778217316 0.774230778217316 0.774230778217316 0.774230778217316 0.774230778217316 0.763928592205048 0.763928592205048 0.763928592205048 0.763928592205048 0.763928592205048 0.763928592205048 0.763928592205048 0.648750007152557 0.648750007152557 0.648750007152557 0.648750007152557 0.648750007152557 0.648750007152557 0.782307684421539 0.782307684421539 0.782307684421539 0.782307684421539 0.782307684421539 0.782307684421539 0.78576922416687 0.78576922416687 0.78576922416687 0.78576922416687 0.78576922416687 0.78576922416687 0.773999989032745 0.773999989032745 0.773999989032745 0.773999989032745 0.773999989032745 0.773999989032745 0.773999989032745 -2 -2
0.754999995231628 0.754999995231628 0.754999995231628 0.754999995231628 -2 -2 -2 0.7950000166893 0.7950000166893 0.7950000166893 0.7950000166893 0.77999997138977 0.77999997138977 0.772499978542328 0.772499978542328 0.772499978542328 0.772499978542328 0.758076906204224 0.758076906204224 0.774230778217316 0.774230778217316 0.774230778217316 0.774230778217316 0.776538491249084 0.776538491249084 0.763928592205048 0.763928592205048 0.763928592205048 0.763928592205048 -2 -2 -2 0.648750007152557 0.648750007152557 0.648750007152557 0.648750007152557 0.65192312002182 0.65192312002182 0.782307684421539 0.782307684421539 0.782307684421539 0.782307684421539 0.778846085071564 0.778846085071564 0.78576922416687 0.78576922416687 0.78576922416687 0.78576922416687 -2 -2 0.773999989032745 0.773999989032745 0.773999989032745 0.773999989032745 -2 -2 -2 -2
0.561111092567444 0.561111092567444 0.754999995231628 -2 -2 -2 -2 -2 0.7950000166893 0.77999997138977 0.77999997138977 0.77999997138977 0.77999997138977 0.77999997138977 0.77999997138977 0.758076906204224 0.758076906204224 0.758076906204224 0.758076906204224 0.758076906204224 0.758076906204224 0.776538491249084 0.776538491249084 0.776538491249084 0.776538491249084 0.776538491249084 0.776538491249084 0.763928592205048 -2 -2 -2 -2 -2 0.648750007152557 0.65192312002182 0.65192312002182 0.65192312002182 0.65192312002182 0.65192312002182 0.65192312002182 0.778846085071564 0.778846085071564 0.778846085071564 0.778846085071564 0.778846085071564 0.778846085071564 -2 -2 -2 -2 -2 -2 0.773999989032745 -2 -2 -2 -2 -2
0.561111092567444 0.561111092567444 -2 -2 -2 -2 -2 -2 -2 0.77999997138977 0.77999997138977 0.77999997138977 0.77999997138977 0.77999997138977 0.77999997138977 0.758076906204224 0.758076906204224 0.758076906204224 0.758076906204224 0.758076906204224 0.758076906204224 0.776538491249084 0.776538491249084 0.776538491249084 0.776538491249084 0.776538491249084 0.776538491249084 -2 -2 -2 -2 -2 -2 -2 0.65192312002182 0.65192312002182 0.65192312002182 0.65192312002182 0.65192312002182 0.65192312002182 0.778846085071564 0.778846085071564 0.778846085071564 0.778846085071564 0.778846085071564 0.778846085071564 -2 -2 -2 -2 -2 -2 -2 -2 -2 -2 -2 -2
0.561111092567444 0.561111092567444 -2 -2 -2 -2 -2 -2 -2 0.77999997138977 0.77999997138977 0.77999997138977 0.77999997138977 0.77999997138977 0.77999997138977 0.758076906204224 0.758076906204224 0.758076906204224 0.758076906204224 0.758076906204224 0.758076906204224 0.776538491249084 0.776538491249084 0.776538491249084 0.776538491249084 0.776538491249084 0.776538491249084 -2 -2 -2 -2 -2 -2 -2 0.65192312002182 0.65192312002182 0.65192312002182 0.65192312002182 0.65192312002182 0.65192312002182 0.778846085071564 0.778846085071564 0.778846085071564 0.778846085071564 0.778846085071564 0.778846085071564 -2 -2 -2 -2 -2 -2 -2 -2 -2 -2 -2 -2
0.561111092567444 0.561111092567444 -2 -2 -2 -2 -2 -2 -2 0.77999997138977 0.77999997138977 0.77999997138977 0.77999997138977 0.77999997138977 0.77999997138977 0.758076906204224 0.758076906204224 0.758076906204224 0.758076906204224 0.758076906204224 0.758076906204224 0.776538491249084 0.776538491249084 0.776538491249084 0.776538491249084 0.776538491249084 0.776538491249084 -2 -2 -2 -2 -2 -2 -2 0.65192312002182 0.65192312002182 0.65192312002182 0.65192312002182 0.65192312002182 0.65192312002182 0.778846085071564 0.778846085071564 0.778846085071564 0.778846085071564 0.778846085071564 0.778846085071564 -2 -2 -2 -2 -2 -2 -2 -2 -2 -2 -2 -2
0.561111092567444 0.561111092567444 0.615416586399078 -2 -2 -2 -2 -2 0.774999976158142 0.77999997138977 0.77999997138977 0.77999997138977 0.77999997138977 0.77999997138977 0.77999997138977 0.758076906204224 0.758076906204224 0.758076906204224 0.758076906204224 0.758076906204224 0.758076906204224 0.776538491249084 0.776538491249084 0.776538491249084 0.776538491249084 0.776538491249084 0.776538491249084 0.77700001001358 -2 -2 -2 -2 -2 -2 0.65192312002182 0.65192312002182 0.65192312002182 0.65192312002182 0.65192312002182 0.65192312002182 0.778846085071564 0.778846085071564 0.778846085071564 0.778846085071564 0.778846085071564 0.778846085071564 -2 -2 -2 -2 -2 -2 -2 -2 -2 -2 -2 -2
0.615416586399078 0.615416586399078 0.615416586399078 0.615416586399078 -2 -2 -2 0.774999976158142 0.774999976158142 0.774999976158142 0.774999976158142 0.77999997138977 0.77999997138977 0.762692272663116 0.762692272663116 0.762692272663116 0.762692272663116 0.758076906204224 0.758076906204224 -2 -2 -2 -2 0.776538491249084 0.776538491249084 0.77700001001358 0.77700001001358 0.77700001001358 0.77700001001358 -2 -2 -2 -2 -2 -2 -2 0.65192312002182 0.65192312002182 0.666666686534882 0.666666686534882 0.666666686534882 0.666666686534882 0.778846085071564 0.778846085071564 0.78576922416687 0.78576922416687 0.78576922416687 0.78576922416687 -2 -2 -2 -2 -2 -2 -2 -2 -2 -2
0.615416586399078 0.615416586399078 0.615416586399078 0.615416586399078 0.615416586399078 0.615416586399078 0.774999976158142 0.774999976158142 0.774999976158142 0.774999976158142 0.774999976158142 0.774999976158142 0.762692272663116 0.762692272663116 0.762692272663116 0.762692272663116 0.762692272663116 0.762692272663116 -2 -2 -2 -2 -2 -2 0.77700001001358 0.77700001001358 0.77700001001358 0.77700001001358 0.77700001001358 0.77700001001358 0.77700001001358 -2 -2 -2 -2 -2 -2 0.666666686534882 0.666666686534882 0.666666686534882 0.666666686534882 0.666666686534882 0.666666686534882 0.78576922416687 0.78576922416687 0.78576922416687 0.78576922416687 0.78576922416687 0.78576922416687 -2 -2 -2 -2 -2 -2 -2 -2 -2
0.615416586399078 0.615416586399078 0.615416586399078 0.615416586399078 0.615416586399078 0.615416586399078 0.774999976158142 0.774999976158142 0.774999976158142 0.774999976158142 0.774999976158142 0.774999976158142 0.762692272663116 0.762692272663116 0.762692272663116 0.762692272663116 0.762692272663116 0.762692272663116 -2 -2 -2 -2 -2 -2 0.77700001001358 0.77700001001358 0.77700001001358 0.77700001001358 0.77700001001358 0.77700001001358 0.77700001001358 -2 -2 -2 -2 -2 -2 0.666666686534882 0.666666686534882 0.666666686534882 0.666666686534882 0.666666686534882 0.666666686534882 0.78576922416687 0.78576922416687 0.78576922416687 0.78576922416687 0.78576922416687 0.78576922416687 -2 -2 -2 -2 -2 -2 -2 -2 -2
0.615416586399078 0.615416586399078 0.615416586399078 0.615416586399078 0.615416586399078 0.615416586399078 0.774999976158142 0.774999976158142 0.774999976158142 0.774999976158142 0.774999976158142 0.774999976158142 0.762692272663116 0.762692272663116 0.762692272663116 0.762692272663116 0.762692272663116 0.762692272663116 -2 -2 -2 -2 -2 -2 0.77700001001358 0.77700001001358 0.77700001001358 0.77700001001358 0.77700001001358 0.77700001001358 0.77700001001358 -2 -2 -2 -2 -2 -2 0.666666686534882 0.666666686534882 0.666666686534882 0.666666686534882 0.666666686534882 0.666666686534882 0.78576922416687 0.78576922416687 0.78576922416687 0.78576922416687 0.78576922416687 0.78576922416687 -2 -2 -2 -2 -2 -2 -2 -2 -2
0.615416586399078 0.615416586399078 0.615416586399078 0.615416586399078 0.615416586399078 0.615416586399078 0.774999976158142 0.774999976158142 0.774999976158142 0.774999976158142 0.774999976158142 0.774999976158142 0.762692272663116 0.762692272663116 0.762692272663116 0.762692272663116 0.762692272663116 0.762692272663116 -2 -2 -2 -2 -2 -2 0.77700001001358 0.77700001001358 0.77700001001358 0.77700001001358 0.77700001001358 0.77700001001358 0.77700001001358 -2 -2 -2 -2 -2 -2 0.666666686534882 0.666666686534882 0.666666686534882 0.666666686534882 0.666666686534882 0.666666686534882 0.78576922416687 0.78576922416687 0.78576922416687 0.78576922416687 0.78576922416687 0.78576922416687 -2 -2 -2 -2 -2 -2 -2 -2 -2
0.571111083030701 0.615416586399078 0.615416586399078 0.615416586399078 0.707499980926514 0.707499980926514 0.707499980926514 0.774999976158142 0.774999976158142 0.774999976158142 0.761666715145111 0.761666715145111 0.761666715145111 0.762692272663116 0.762692272663116 0.762692272663116 0.762692272663116 0.754999995231628 0.754999995231628 -2 -2 -2 -2 0.746999979019165 0.746999979019165 0.746999979019165 0.77700001001358 0.77700001001358 0.77700001001358 0.791153788566589 0.791153788566589 0.791153788566589 -2 -2 -2 0.773333311080933 0.773333311080933 0.773333311080933 0.666666686534882 0.666666686534882 0.666666686534882 0.666666686534882 0.692727327346802 0.692727327346802 0.78576922416687 0.78576922416687 0.78576922416687 0.78576922416687 -2 -2 -2 -2 -2 -2 -2 -2 -2 -2
0.571111083030701 0.571111083030701 0.707499980926514 0.707499980926514 0.707499980926514 0.707499980926514 0.707499980926514 0.707499980926514 0.707499980926514 0.761666715145111 0.761666715145111 0.761666715145111 0.761666715145111 0.761666715145111 0.761666715145111 0.754999995231628 0.754999995231628 0.754999995231628 0.754999995231628 0.754999995231628 0.754999995231628 0.746999979019165 0.746999979019165 0.746999979019165 0.746999979019165 0.746999979019165 0.746999979019165 0.791153788566589 0.791153788566589 0.791153788566589 0.791153788566589 0.791153788566589 0.791153788566589 0.791153788566589 0.773333311080933 0.773333311080933 0.773333311080933 0.773333311080933 0.773333311080933 0.773333311080933 0.692727327346802 0.692727327346802 0.692727327346802 0.692727327346802 0.692727327346802 0.692727327346802 -2 -2 -2 -2 -2 -2 -2 -2 -2 -2 -2 -2
0.571111083030701 0.571111083030701 0.707499980926514 0.707499980926514 0.707499980926514 0.707499980926514 0.707499980926514 0.707499980926514 0.707499980926514 0.761666715145111 0.761666715145111 0.761666715145111 0.761666715145111 0.761666715145111 0.761666715145111 0.754999995231628 0.754999995231628 0.754999995231628 0.754999995231628 0.754999995231628 0.754999995231628 0.746999979019165 0.746999979019165 0.746999979019165 0.746999979019165 0.746999979019165 0.746999979019165 0.791153788566589 0.791153788566589 0.791153788566589 0.791153788566589 0.791153788566589 0.791153788566589 0.791153788566589 0.773333311080933 0.773333311080933 0.773333311080933 0.773333311080933 0.773333311080933 0.773333311080933 0.692727327346802 0.692727327346802 0.692727327346802 0.692727327346802 0.692727327346802 0.692727327346802 -2 -2 -2 -2 -2 -2 -2 -2 -2 -2 -2 -2
0.571111083030701 0.571111083030701 0.707499980926514 0.707499980926514 0.707499980926514 0.707499980926514 0.707499980926514 0.707499980926514 0.707499980926514 0.761666715145111 0.761666715145111 0.761666715145111 0.761666715145111 0.761666715145111 0.761666715145111 0.754999995231628 0.754999995231628 0.754999995231628 0.754999995231628 0.754999995231628 0.754999995231628 0.746999979019165 0.746999979019165 0.746999979019165 0.746999979019165 0.746999979019165 0.746999979019165 0.791153788566589 0.791153788566589 0.791153788566589 0.791153788566589 0.791153788566589 0.791153788566589 0.791153788566589 0.773333311080933 0.773333311080933 0.773333311080933 0.773333311080933 0.773333311080933 0.773333311080933 0.692727327346802 0.692727327346802 0.692727327346802 0.692727327346802 0.692727327346802 0.692727327346802 -2 -2 -2 -2 -2 -2 -2 -2 -2 -2 -2 -2
0.571111083030701 0.571111083030701 0.707499980926514 0.707499980926514 0.707499980926514 0.707499980926514 0.707499980926514 0.707499980926514 0.707499980926514 0.761666715145111 0.761666715145111 0.761666715145111 0.761666715145111 0.761666715145111 0.761666715145111 0.754999995231628 0.754999995231628 0.754999995231628 0.754999995231628 0.754999995231628 0.754999995231628 0.746999979019165 0.746999979019165 0.746999979019165 0.746999979019165 0.746999979019165 0.746999979019165 0.791153788566589 0.791153788566589 0.791153788566589 0.791153788566589 0.791153788566589 0.791153788566589 0.791153788566589 0.773333311080933 0.773333311080933 0.773333311080933 0.773333311080933 0.773333311080933 0.773333311080933 0.692727327346802 0.692727327346802 0.692727327346802 0.692727327346802 0.692727327346802 0.692727327346802 -2 -2 -2 -2 -2 -2 -2 -2 -2 -2 -2 -2
0.571111083030701 0.571111083030701 0.669307708740234 0.707499980926514 0.707499980926514 0.707499980926514 0.707499980926514 0.707499980926514 0.755769312381744 0.761666715145111 0.761666715145111 0.761666715145111 0.761666715145111 0.761666715145111 0.762000024318695 0.762000024318695 0.754999995231628 0.754999995231628 0.754999995231628 0.754999995231628 0.756428599357605 0.756428599357605 0.746999979019165 0.746999979019165 0.746999979019165 0.746999979019165 0.746999979019165 0.69080001115799 0.791153788566589 0.791153788566589 0.791153788566589 0.791153788566589 0.791153788566589 0.781000018119812 0.773333311080933 0.773333311080933 0.773333311080933 0.773333311080933 0.773333311080933 0.663500010967255 0.663500010967255 0.692727327346802 0.692727327346802 0.692727327346802 0.692727327346802 -2 -2 -2 -2 -2 -2 -2 -2 -2 -2 -2 -2 -2
0.669307708740234 0.669307708740234 0.669307708740234 0.669307708740234 0.669307708740234 0.707499980926514 0.755769312381744 0.755769312381744 0.755769312381744 0.755769312381744 0.755769312381744 0.761666715145111 0.761666715145111 0.762000024318695 0.762000024318695 0.762000024318695 0.762000024318695 0.754999995231628 0.754999995231628 0.756428599357605 0.756428599357605 0.756428599357605 0.756428599357605 0.746999979019165 0.746999979019165 0.69080001115799 0.69080001115799 0.69080001115799 0.69080001115799 0.69080001115799 0.791153788566589 0.781000018119812 0.781000018119812 0.781000018119812 0.781000018119812 0.781000018119812 0.773333311080933 0.773333311080933 0.663500010967255 0.663500010967255 0.663500010967255 0.663500010967255 0.692727327346802 0.692727327346802 -2 -2 -2 -2 -2 -2 -2 -2 -2 -2 -2 -2 -2 -2
0.669307708740234 0.669307708740234 0.669307708740234 0.669307708740234 0.669307708740234 0.669307708740234 0.755769312381744 0.755769312381744 0.755769312381744 0.755769312381744 0.755769312381744 0.755769312381744 0.762000024318695 0.762000024318695 0.762000024318695 0.762000024318695 0.762000024318695 0.762000024318695 0.756428599357605 0.756428599357605 0.756428599357605 0.756428599357605 0.756428599357605 0.756428599357605 0.69080001115799 0.69080001115799 0.69080001115799 0.69080001115799 0.69080001115799 0.69080001115799 0.69080001115799 0.781000018119812 0.781000018119812 0.781000018119812 0.781000018119812 0.781000018119812 0.781000018119812 0.663500010967255 0.663500010967255 0.663500010967255 0.663500010967255 0.663500010967255 0.663500010967255 -2 -2 -2 -2 -2 -2 -2 -2 -2 -2 -2 -2 -2 -2 -2
0.669307708740234 0.669307708740234 0.669307708740234 0.669307708740234 0.669307708740234 0.669307708740234 0.755769312381744 0.755769312381744 0.755769312381744 0.755769312381744 0.755769312381744 0.755769312381744 0.762000024318695 0.762000024318695 0.762000024318695 0.762000024318695 0.762000024318695 0.762000024318695 0.756428599357605 0.756428599357605 0.756428599357605 0.756428599357605 0.756428599357605 0.756428599357605 0.69080001115799 0.69080001115799 0.69080001115799 0.69080001115799 0.69080001115799 0.69080001115799 0.69080001115799 0.781000018119812 0.781000018119812 0.781000018119812 0.781000018119812 0.781000018119812 0.781000018119812 0.663500010967255 0.663500010967255 0.663500010967255 0.663500010967255 0.663500010967255 0.663500010967255 -2 -2 -2 -2 -2 -2 -2 -2 -2 -2 -2 -2 -2 -2 -2
0.669307708740234 0.669307708740234 0.669307708740234 0.669307708740234 0.669307708740234 0.669307708740234 0.755769312381744 0.755769312381744 0.755769312381744 0.755769312381744 0.755769312381744 0.755769312381744 0.762000024318695 0.762000024318695 0.762000024318695 0.762000024318695 0.762000024318695 0.762000024318695 0.756428599357605 0.756428599357605 0.756428599357605 0.756428599357605 0.756428599357605 0.756428599357605 0.69080001115799 0.69080001115799 0.69080001115799 0.69080001115799 0.69080001115799 0.69080001115799 0.69080001115799 0.781000018119812 0.781000018119812 0.781000018119812 0.781000018119812 0.781000018119812 0.781000018119812 0.663500010967255 0.663500010967255 0.663500010967255 0.663500010967255 0.663500010967255 0.663500010967255 -2 -2 -2 -2 -2 -2 -2 -2 -2 -2 -2 -2 -2 -2 -2
0.669307708740234 0.669307708740234 0.669307708740234 0.669307708740234 0.669307708740234 0.669307708740234 0.755769312381744 0.755769312381744 0.755769312381744 0.755769312381744 0.755769312381744 0.755769312381744 0.762000024318695 0.762000024318695 0.762000024318695 0.762000024318695 0.762000024318695 0.762000024318695 0.756428599357605 0.756428599357605 0.756428599357605 0.756428599357605 0.756428599357605 0.756428599357605 0.69080001115799 0.69080001115799 0.69080001115799 0.69080001115799 0.69080001115799 0.69080001115799 0.69080001115799 0.781000018119812 0.781000018119812 0.781000018119812 0.781000018119812 0.781000018119812 0.781000018119812 0.663500010967255 0.663500010967255 0.663500010967255 0.663500010967255 0.663500010967255 0.663500010967255 -2 -2 -2 -2 -2 -2 -2 -2 -2 -2 -2 -2 -2 -2 -2
-2 0.669307708740234 0.669307708740234 0.669307708740234 -2 -2 -2 0.755769312381744 0.755769312381744 0.755769312381744 0.77999997138977 0.77999997138977 0.77999997138977 0.762000024318695 0.762000024318695 0.762000024318695 -2 -2 -2 -2 0.756428599357605 0.756428599357605 0.756428599357605 -2 -2 -2 0.69080001115799 0.69080001115799 0.69080001115799 -2 -2 -2 0.781000018119812 0.781000018119812 0.781000018119812 0.661666691303253 0.661666691303253 0.661666691303253 0.663500010967255 0.663500010967255 0.663500010967255 0.567499995231628 0.567499995231628 0.567499995231628 0.567499995231628 -2 -2 -2 -2 -2 -2 -2 -2 -2 -2 -2 -2 -2
